                           x                ground state                 1st excited                 2nd excited
     -0.2000000000000000E+02      0.8066280468084914E-55      0.1364535541891378E-47      0.2578307606198861E-40
     -0.1989974937343358E+02      0.1024302836363618E-56      0.2406288384182977E-49      0.6008504587085791E-42
     -0.1979949874686717E+02      0.5239725533648175E-59      0.2599558271384013E-51      0.3152145546211149E-43
     -0.1969924812030075E+02      0.1152225604452956E-53      0.1931519553661752E-46      0.3617386669117168E-39
     -0.1959899749373434E+02      0.4041960754553586E-54      0.6534759683468680E-47      0.1179904372058833E-39
     -0.1949874686716792E+02      0.5502005660701795E-56      0.9987646521249448E-49      0.2025084745481560E-41
     -0.1939849624060150E+02      0.5133825847380814E-55      0.8811250881974858E-48      0.1688826302989675E-40
     -0.1929824561403509E+02      0.2732856460295466E-57      0.2833556592957933E-50      0.2892741583133512E-43
     -0.1919799498746867E+02      0.1835295208009986E-55      0.3135707632665833E-48      0.5981911728650130E-41
     -0.1909774436090225E+02      0.9635946688039054E-55      0.1603956425732426E-47      0.2983769438975941E-40
     -0.1899749373433584E+02      0.1380791286895799E-56      0.2396727980093504E-49      0.4637549068572474E-42
     -0.1889724310776942E+02      0.1465374378816779E-56      0.2497696304084180E-49      0.4760135347487476E-42
     -0.1879699248120301E+02      0.1176207459263836E-56      0.2000900421664475E-49      0.3801717280907688E-42
     -0.1869674185463659E+02      0.6010635132191036E-58      0.1050433795666884E-50      0.2049479128149011E-43
     -0.1859649122807017E+02      0.9122023377529784E-57      0.1517216382716212E-49      0.2820630927018213E-42
     -0.1849624060150376E+02      0.2384585987435475E-58      0.4075863368744279E-51      0.7777427667007775E-44
     -0.1839598997493734E+02      0.1335372618466411E-60      0.2673113679852478E-53      0.5887194603309424E-46
     -0.1829573934837093E+02      0.1503365897053471E-59      0.2547967309662872E-52      0.4827092383396289E-45
     -0.1819548872180451E+02      0.7347299512735698E-60      0.1188561092928287E-52      0.2147895490956308E-45
     -0.1809523809523809E+02      0.7900741061505198E-61      0.1359171661824875E-53      0.2611866496195880E-46
     -0.1799498746867168E+02      0.1841598506294892E-61      0.3003084823350175E-54      0.5466264229680647E-47
     -0.1789473684210526E+02      0.1475811578557200E-61      0.2495947766881382E-54      0.4713004927828791E-47
     -0.1779448621553885E+02      0.1399673006724692E-67      0.3839155653088971E-59      0.3507022235775712E-51
     -0.1769423558897243E+02      0.2396131822987402E-63      0.4142459130140935E-56      0.7991590719315553E-49
     -0.1759398496240602E+02      0.8745646086853584E-65      0.1595975293431107E-57      0.3240642726710322E-50
     -0.1749373433583960E+02      0.4067984713496855E-65      0.7079402080888290E-58      0.1375114224211278E-50
     -0.1739348370927318E+02      0.5983428432226242E-67      0.1219267683443780E-59      0.2735241548176464E-52
     -0.1729323308270677E+02      0.3998807834763038E-68      0.4950761501742744E-61      0.6516506742838322E-54
     -0.1719298245614035E+02      0.3108530228263063E-66      0.5168880661018354E-59      0.9605762216566415E-52
     -0.1709273182957394E+02      0.1166207596772774E-68      0.1801479495919215E-61      0.3104059329411094E-54
     -0.1699248120300752E+02      0.6733543380354573E-69      0.1058303900692776E-61      0.1859343770069081E-54
     -0.1689223057644110E+02      0.1380604097353832E-68      0.2325858684103428E-61      0.4376255115932162E-54
     -0.1679197994987469E+02      0.2492304194492997E-70      0.4282578126114400E-63      0.8213744603498742E-56
     -0.1669172932330827E+02      0.3566684596658588E-70      0.6002967791178852E-63      0.1129030009595547E-55
     -0.1659147869674186E+02      0.3421330476867730E-71      0.5742086207260104E-64      0.1076529977411101E-56
     -0.1649122807017544E+02      0.1697784063153030E-72      0.2879167599244692E-65      0.5454329230532097E-58
     -0.1639097744360902E+02      0.6372981949756239E-74      0.1089366597747100E-66      0.2081636939952310E-59
     -0.1629072681704261E+02      0.1736957588287958E-75      0.3188235501116147E-68      0.6516087838009964E-61
     -0.1619047619047619E+02      0.7949180378297801E-76      0.1405654979610347E-68      0.2776486949519672E-61
     -0.1609022556390978E+02      0.1494198306264397E-75      0.2502700069711708E-68      0.4684705481036877E-61
     -0.1598997493734336E+02      0.6697155754985223E-77      0.1114541683959655E-69      0.2071902371060330E-62
     -0.1588972431077694E+02      0.1147970494782560E-78      0.2023132109167982E-71      0.3976365283521096E-64
     -0.1578947368421053E+02      0.9411882246338218E-80      0.1451164107513665E-72      0.2494551992183131E-65
     -0.1568922305764411E+02      0.1323829024978574E-80      0.2054639449471525E-73      0.3556523205540318E-66
     -0.1558897243107769E+02      0.3375634513869037E-81      0.5910991449857003E-74      0.1153180477124551E-66
     -0.1548872180451128E+02      0.4756229649878139E-81      0.7896792110076800E-74      0.1472622205244899E-66
     -0.1538847117794486E+02      0.2050997447286777E-84      0.7024472407125232E-77      0.1581984312244823E-69
     -0.1528822055137845E+02      0.4848208235533583E-84      0.8287367599608077E-77      0.1473392513318277E-69
     -0.1518796992481203E+02      0.3262336433118687E-83      0.1982283641500803E-77      0.3901269153816969E-70
     -0.1508771929824561E+02      0.1247901256202886E-82      0.1190672770863832E-80      0.2208301624645447E-73
     -0.1498746867167920E+02      0.1032309324508738E-81      0.1344833684985069E-78      0.2436670688564136E-71
     -0.1488721804511278E+02      0.1815563515652648E-81      0.3418445816453560E-78      0.6506771639033961E-71
     -0.1478696741854637E+02      0.2912535689828875E-80      0.8423851784918803E-78      0.1548529892833758E-70
     -0.1468671679197995E+02      0.8797430113363162E-79      0.1116768536612798E-77      0.1561644614739262E-70
     -0.1458646616541353E+02      0.3900488644611357E-78      0.1256139903300543E-78      0.2168941105935375E-72
     -0.1448621553884712E+02      0.3736975127976852E-77      0.4149301516195648E-78      0.1537394173678042E-70
     -0.1438596491228070E+02      0.1156215145180027E-76      0.5699784906146274E-78      0.4064255727647429E-72
     -0.1428571428571429E+02      0.5001537832657453E-76      0.6711551294653011E-76      0.1667405226277568E-72
     -0.1418546365914787E+02      0.9865855666125820E-76      0.1105942605910970E-76      0.3855656586544139E-71
     -0.1408521303258145E+02      0.1280032047341299E-74      0.2681112605305022E-76      0.4046279498034023E-71
     -0.1398496240601504E+02      0.2122067128845273E-73      0.4641756852823735E-74      0.1609437490993011E-71
     -0.1388471177944862E+02      0.1388214536646647E-72      0.1760216723261254E-73      0.3526435778010051E-70
     -0.1378446115288220E+02      0.6701048960707640E-72      0.1156780456773625E-72      0.2753050769541763E-70
     -0.1368421052631579E+02      0.2135638931933536E-71      0.3955604324037677E-72      0.6233944388152174E-71
     -0.1358395989974937E+02      0.8729892434439160E-71      0.2438036554594542E-71      0.2774757985995614E-71
     -0.1348370927318296E+02      0.2525353667541678E-70      0.7386291864437818E-71      0.2748287414413648E-71
     -0.1338345864661654E+02      0.1035192497014858E-69      0.9113493273577475E-70      0.1971340812224334E-73
     -0.1328320802005013E+02      0.6212793190006504E-70      0.1986348351203863E-71      0.1282239576138383E-69
     -0.1318295739348371E+02      0.2826321720996981E-68      0.5831795336685644E-69      0.5652633143380630E-68
     -0.1308270676691729E+02      0.1771232567633227E-67      0.1583779564077923E-68      0.2309578455539794E-67
     -0.1298245614035088E+02      0.2961655665740677E-68      0.7736250498524649E-71      0.2083471172258864E-66
     -0.1288220551378446E+02      0.5570628295878922E-66      0.5398093934937159E-67      0.2956842466416505E-65
     -0.1278195488721805E+02      0.1509773432966265E-65      0.2000033712274370E-66      0.2225639236752918E-64
     -0.1268170426065163E+02      0.5215684329348894E-66      0.1746666187043628E-65      0.3043471446864257E-63
     -0.1258145363408521E+02      0.2135768842736210E-66      0.1982850725926873E-64      0.3058114486250641E-62
     -0.1248120300751880E+02      0.1243170601763469E-64      0.1855039303061976E-63      0.3218968781708167E-61
     -0.1238095238095238E+02      0.9881442084502055E-65      0.1909010559615057E-62      0.3286586952379600E-60
     -0.1228070175438597E+02      0.6797840009069669E-64      0.2399574779045527E-61      0.3349901001802562E-59
     -0.1218045112781955E+02      0.2529360813850523E-63      0.2540553672910166E-60      0.3314638427513620E-58
     -0.1208020050125313E+02      0.6042604649956310E-62      0.2590307191846137E-59      0.3247144359936455E-57
     -0.1197994987468672E+02      0.8768527804633142E-61      0.2539434905530013E-58      0.3111904263825311E-56
     -0.1187969924812030E+02      0.9876196492801914E-60      0.2440202688700330E-57      0.2932352788519903E-55
     -0.1177944862155389E+02      0.9214161495726465E-59      0.2290427024408099E-56      0.2714313400042982E-54
     -0.1167919799498747E+02      0.8838098209491627E-58      0.2115248975446042E-55      0.2468196406939763E-53
     -0.1157894736842105E+02      0.8240152008984166E-57      0.1919773928683636E-54      0.2205367332853162E-52
     -0.1147869674185464E+02      0.7496423481281353E-56      0.1711153503015400E-53      0.1935814221345488E-51
     -0.1137844611528822E+02      0.6661674581490009E-55      0.1498186279056496E-52      0.1669291528046665E-50
     -0.1127819548872180E+02      0.5835883552823387E-54      0.1289031607540241E-51      0.1414035134312813E-49
     -0.1117794486215539E+02      0.5010339148077421E-53      0.1089550776120878E-50      0.1176611552512402E-48
     -0.1107769423558897E+02      0.4226826211658764E-52      0.9047567682604188E-50      0.9616798398547798E-48
     -0.1097744360902256E+02      0.3503668011504524E-51      0.7380763232986197E-49      0.7720287508829200E-47
     -0.1087719298245614E+02      0.2853239619524313E-50      0.5914737473871471E-48      0.6087271262443520E-46
     -0.1077694235588972E+02      0.2282886247344261E-49      0.4656058928400740E-47      0.4713883506913883E-45
     -0.1067669172932331E+02      0.1794488809021517E-48      0.3600246951503189E-46      0.3584947790483552E-44
     -0.1057644110275689E+02      0.1385774886385074E-47      0.2734382340756216E-45      0.2677412837179126E-43
     -0.1047619047619048E+02      0.1051294189521168E-46      0.2039771948655762E-44      0.1963618292632053E-42
     -0.1037593984962406E+02      0.7834646429583375E-46      0.1494451185811715E-43      0.1414127856631545E-41
     -0.1027568922305765E+02      0.5735375363921995E-45      0.1075330372867568E-42      0.9999787928527917E-41
     -0.1017543859649123E+02      0.4124161005029789E-44      0.7598790625142535E-42      0.6942949214139691E-40
     -0.1007518796992481E+02      0.2912894397385550E-43      0.5273169996961339E-41      0.4732916195076381E-39
     -0.9974937343358397E+01      0.2020753468304409E-42      0.3593404802241241E-40      0.3167566666331549E-38
     -0.9874686716791981E+01      0.1376846587061889E-41      0.2404528626782061E-39      0.2081207040829185E-37
     -0.9774436090225564E+01      0.9213520879501907E-41      0.1579885324863964E-38      0.1342387137024048E-36
     -0.9674185463659148E+01      0.6055051487803765E-40      0.1019237423508563E-37      0.8499504318382622E-36
     -0.9573934837092732E+01      0.3907928041833017E-39      0.6455973327162249E-37      0.5282542869149146E-35
     -0.9473684210526317E+01      0.2476830028854359E-38      0.4014829054919433E-36      0.3222599316026141E-34
     -0.9373433583959901E+01      0.1541527496048120E-37      0.2451171832373940E-35      0.1929583661271866E-33
     -0.9273182957393484E+01      0.9420985630449501E-37      0.1469143554325101E-34      0.1133952975306770E-32
     -0.9172932330827068E+01      0.5653482416124522E-36      0.8644122345371167E-34      0.6540043594590652E-32
     -0.9072681704260653E+01      0.3331157056814303E-35      0.4992593328677837E-33      0.3701692774704664E-31
     -0.8972431077694235E+01      0.1927162476440716E-34      0.2830495839918628E-32      0.2056052087182860E-30
     -0.8872180451127820E+01      0.1094638177294601E-33      0.1575115192607896E-31      0.1120628509512635E-29
     -0.8771929824561404E+01      0.6104313802660690E-33      0.8603160417575716E-31      0.5993254822373828E-29
     -0.8671679197994989E+01      0.3341967016515029E-32      0.4611923051077975E-30      0.3144973246655332E-28
     -0.8571428571428573E+01      0.1796187415564221E-31      0.2426424839725947E-29      0.1619212370332422E-27
     -0.8471177944862156E+01      0.9476992657593125E-31      0.1252837709834609E-28      0.8179047250171846E-27
     -0.8370927318295740E+01      0.4908447586294801E-30      0.6348167701342772E-28      0.4053152557659820E-26
     -0.8270676691729324E+01      0.2495501857911270E-29      0.3156530383961344E-27      0.1970396696542091E-25
     -0.8170426065162907E+01      0.1245366747962519E-28      0.1540146248762853E-26      0.9396452011077754E-25
     -0.8070175438596491E+01      0.6100253206052728E-28      0.7373721617131686E-26      0.4395441628076852E-24
     -0.7969924812030076E+01      0.2932887371049949E-27      0.3463910500234355E-25      0.2016732257158735E-23
     -0.7869674185463660E+01      0.1383966690095393E-26      0.1596555709860248E-24      0.9075689749655606E-23
     -0.7769423558897245E+01      0.6409505469125937E-26      0.7219735656158285E-24      0.4005669243301935E-22
     -0.7669172932330827E+01      0.2913251985407399E-25      0.3203027024317349E-23      0.1733854967774591E-21
     -0.7568922305764412E+01      0.1299488205728768E-24      0.1394068913032797E-22      0.7359878899778513E-21
     -0.7468671679197996E+01      0.5688445802347925E-24      0.5952157589780489E-22      0.3063561145467026E-20
     -0.7368421052631579E+01      0.2443589441568198E-23      0.2492948431236083E-21      0.1250425858516012E-19
     -0.7268170426065163E+01      0.1030060288019853E-22      0.1024195743455711E-20      0.5004285976000419E-19
     -0.7167919799498748E+01      0.4260724073078546E-22      0.4127294675902875E-20      0.1963613781977333E-18
     -0.7067669172932332E+01      0.1729327426148016E-21      0.1631333663821253E-19      0.7553991704153592E-18
     -0.6967418546365916E+01      0.6887013189028328E-21      0.6324072250804215E-19      0.2848917027360700E-17
     -0.6867167919799499E+01      0.2691109705695817E-20      0.2404414604337225E-18      0.1053275559579498E-16
     -0.6766917293233083E+01      0.1031729276724064E-19      0.8965243899096127E-18      0.3817146215855046E-16
     -0.6666666666666668E+01      0.3880799087237820E-19      0.3278209297685782E-17      0.1355955525937095E-15
     -0.6566416040100250E+01      0.1432138225560757E-18      0.1175478097619981E-16      0.4721030469452729E-15
     -0.6466165413533835E+01      0.5184949576682471E-18      0.4133110763253009E-16      0.1610969267737965E-14
     -0.6365914786967419E+01      0.1841567093633201E-17      0.1424968882893599E-15      0.5387294126622048E-14
     -0.6265664160401004E+01      0.6416551504796894E-17      0.4817043650855205E-15      0.1765470409275907E-13
     -0.6165413533834588E+01      0.2193182706396060E-16      0.1596553572107101E-14      0.5669297959857605E-13
     -0.6065162907268171E+01      0.7353514122048130E-16      0.5187937918961237E-14      0.1783813036737041E-12
     -0.5964912280701755E+01      0.2418522777601829E-15      0.1652703063810106E-13      0.5499105307879286E-12
     -0.5864661654135340E+01      0.7802411549433847E-15      0.5161356571181665E-13      0.1660841119988138E-11
     -0.5764411027568922E+01      0.2468990291146137E-14      0.1580089827963106E-12      0.4913912067251938E-11
     -0.5664160401002507E+01      0.7663203350830760E-14      0.4741635787247760E-12      0.1424160465139381E-10
     -0.5563909774436091E+01      0.2332869758041366E-13      0.1394705135269188E-11      0.4042879372075730E-10
     -0.5463659147869675E+01      0.6965442311796826E-13      0.4020900582231671E-11      0.1124061249921242E-09
     -0.5363408521303260E+01      0.2039736246202425E-12      0.1136133950972799E-10      0.3060711504686214E-09
     -0.5263157894736842E+01      0.5858084546385198E-12      0.3146147758056769E-10      0.8161175157466009E-09
     -0.5162907268170427E+01      0.1649996131504592E-11      0.8537873131881776E-10      0.2130807389652681E-08
     -0.5062656641604011E+01      0.4557696557955273E-11      0.2270483702421241E-09      0.5447016816226261E-08
     -0.4962406015037594E+01      0.1234618456108979E-10      0.5916457078074667E-09      0.1363190285463646E-07
     -0.4862155388471178E+01      0.3279705509127663E-10      0.1510621204630754E-08      0.3339611431093375E-07
     -0.4761904761904763E+01      0.8543615187177780E-10      0.3778984881819093E-08      0.8008175496974644E-07
     -0.4661654135338347E+01      0.2182445672770756E-09      0.9261788708806488E-08      0.1879419650200431E-06
     -0.4561403508771932E+01      0.5466766144371232E-09      0.2223761897206765E-07      0.4316368038248988E-06
     -0.4461152882205514E+01      0.1342744476915556E-08      0.5230317133768520E-07      0.9699895743712392E-06
     -0.4360902255639099E+01      0.3233871690188400E-08      0.1204996159362789E-06      0.2132632544786658E-05
     -0.4260651629072683E+01      0.7636768221648455E-08      0.2719140391563077E-06      0.4586787551381841E-05
     -0.4160401002506266E+01      0.1768255077284531E-07      0.6009454837761991E-06      0.9649049328163936E-05
     -0.4060150375939850E+01      0.4014393492661432E-07      0.1300659823051945E-05      0.1985086465979614E-04
     -0.3959899749373434E+01      0.8935649278930162E-07      0.2756663344753454E-05      0.3993232144513696E-04
     -0.3859649122807017E+01      0.1950091762122182E-06      0.5720835898224489E-05      0.7853190572467459E-04
     -0.3759398496240603E+01      0.4172521042914272E-06      0.1162394211738254E-04      0.1509609939111522E-03
     -0.3659147869674186E+01      0.8752831379363126E-06      0.2312202280202871E-04      0.2835924123998264E-03
     -0.3558897243107772E+01      0.1800102768841351E-05      0.4502300173040143E-04      0.5205263538582131E-03
     -0.3458646616541355E+01      0.3629419040698272E-05      0.8580929777184865E-04      0.9332712517653147E-03
     -0.3358395989974937E+01      0.7173986557944212E-05      0.1600580339206661E-03      0.1634103344103643E-02
     -0.3258145363408524E+01      0.1390145910247893E-04      0.2921543056954846E-03      0.2793420137361288E-02
     -0.3157894736842106E+01      0.2640763707626909E-04      0.5217750264930755E-03      0.4660626832843815E-02
     -0.3057644110275689E+01      0.4917690259339443E-04      0.9116549277850632E-03      0.7586745951743470E-02
     -0.2957393483709275E+01      0.8977359431552115E-04      0.1558076502313872E-02      0.1204494666594125E-01
     -0.2857142857142858E+01      0.1606517319592811E-03      0.2604277326688724E-02      0.1864264762830242E-01
     -0.2756892230576440E+01      0.2818157815355872E-03      0.4256456439092796E-02      0.2811613063826309E-01
     -0.2656641604010026E+01      0.4845987093369810E-03      0.6801211697663779E-02      0.4129645836561219E-01
     -0.2556390977443609E+01      0.8168275788069687E-03      0.1062202227161623E-01      0.5903504907127887E-01
     -0.2456140350877195E+01      0.1349596936569730E-02      0.1621086552428774E-01      0.8207990965456487E-01
     -0.2355889724310778E+01      0.2185736925568299E-02      0.2416942756125187E-01      0.1109005673540279E+00
     -0.2255639097744361E+01      0.3469817069742726E-02      0.3519301224290440E-01      0.1454718403781476E+00
     -0.2155388471177947E+01      0.5399146763118359E-02      0.5002973453409130E-01      0.1850431091482768E+00
     -0.2055137844611529E+01      0.8234718161133917E-02      0.6940857802858172E-01      0.2279381354863813E+00
     -0.1954887218045116E+01      0.1231041801683203E-01      0.9393305362716266E-01      0.2714460173842028E+00
     -0.1854636591478698E+01      0.1803818875578953E-01      0.1239429140596248E+00      0.3118701692425712E+00
     -0.1754385964912281E+01      0.2590627351809366E-01      0.1593545279690471E+00      0.3447926002282957E+00
     -0.1654135338345867E+01      0.3646740819083328E-01      0.1995001924014388E+00      0.3655805197393032E+00
     -0.1553884711779450E+01      0.5031402226116095E-01      0.2429960616983025E+00      0.3701113636340710E+00
     -0.1453634085213032E+01      0.6803835977757514E-01      0.2876749131778158E+00      0.3556274743765606E+00
     -0.1353383458646618E+01      0.9017704073053738E-01      0.3306207289786289E+00      0.3215670845275380E+00
     -0.1253132832080201E+01      0.1171419297980717E+00      0.3683345176725960E+00      0.2701736510477331E+00
     -0.1152882205513784E+01      0.1491420621180125E+00      0.3970437174584259E+00      0.2066814114994820E+00
     -0.1052631578947370E+01      0.1861043947902550E+00      0.4131418872581548E+00      0.1389256349025986E+00
     -0.9523809523809526E+00      0.2276037387326366E+00      0.4137148417705517E+00      0.7633269719075063E-01
     -0.8521303258145387E+00      0.2728137234613142E+00      0.3970800307598757E+00      0.2839154434163022E-01
     -0.7518796992481214E+00      0.3204904511765697E+00      0.3632453489470415E+00      0.2861009731817694E-02
     -0.6516290726817040E+00      0.3689982093363448E+00      0.3141888989822229E+00      0.4083291395129417E-02
     -0.5513784461152902E+00      0.4163821939768946E+00      0.2538772422737816E+00      0.3181106397768090E-01
     -0.4511278195488728E+00      0.4604870610235361E+00      0.1879767043402326E+00      0.8088877862031103E-01
     -0.3508771929824590E+00      0.4991131284181470E+00      0.1232653247123160E+00      0.1419599637815621E+00
     -0.2506265664160416E+00      0.5301953862217952E+00      0.6681208275709385E-01      0.2031357191540064E+00
     -0.1503759398496243E+00      0.5519854317733831E+00      0.2504213329434405E-01      0.2523143730085953E+00
     -0.5012531328321046E-01      0.5632141573186585E+00      0.2839133612257913E-02      0.2796571814333864E+00
      0.5012531328320691E-01      0.5632141573186711E+00      0.2839133612240140E-02      0.2796571814333771E+00
      0.1503759398496243E+00      0.5519854317734336E+00      0.2504213329429263E-01      0.2523143730085790E+00
      0.2506265664160381E+00      0.5301953862218844E+00      0.6681208275701613E-01      0.2031357191539819E+00
      0.3508771929824555E+00      0.4991131284182757E+00      0.1232653247122213E+00      0.1419599637815323E+00
      0.4511278195488728E+00      0.4604870610237023E+00      0.1879767043401299E+00      0.8088877862028179E-01
      0.5513784461152866E+00      0.4163821939770879E+00      0.2538772422736694E+00      0.3181106397765731E-01
      0.6516290726817040E+00      0.3689982093365434E+00      0.3141888989821100E+00      0.4083291395119155E-02
      0.7518796992481178E+00      0.3204904511767515E+00      0.3632453489469262E+00      0.2861009731826730E-02
      0.8521303258145352E+00      0.2728137234614756E+00      0.3970800307597492E+00      0.2839154434166023E-01
      0.9523809523809526E+00      0.2276037387327776E+00      0.4137148417704240E+00      0.7633269719080278E-01
      0.1052631578947366E+01      0.1861043947903760E+00      0.4131418872580270E+00      0.1389256349026683E+00
      0.1152882205513784E+01      0.1491420621181135E+00      0.3970437174582891E+00      0.2066814114995660E+00
      0.1253132832080198E+01      0.1171419297981581E+00      0.3683345176724617E+00      0.2701736510478178E+00
      0.1353383458646615E+01      0.9017704073060570E-01      0.3306207289784987E+00      0.3215670845276126E+00
      0.1453634085213032E+01      0.6803835977762859E-01      0.2876749131776867E+00      0.3556274743766210E+00
      0.1553884711779446E+01      0.5031402226120318E-01      0.2429960616981793E+00      0.3701113636341117E+00
      0.1654135338345863E+01      0.3646740819086439E-01      0.1995001924013284E+00      0.3655805197393242E+00
      0.1754385964912281E+01      0.2590627351811672E-01      0.1593545279689524E+00      0.3447926002283077E+00
      0.1854636591478695E+01      0.1803818875580655E-01      0.1239429140595458E+00      0.3118701692425749E+00
      0.1954887218045112E+01      0.1231041801684480E-01      0.9393305362710332E-01      0.2714460173842010E+00
      0.2055137844611529E+01      0.8234718161143219E-02      0.6940857802853422E-01      0.2279381354863718E+00
      0.2155388471177943E+01      0.5399146763124079E-02      0.5002973453405246E-01      0.1850431091482599E+00
      0.2255639097744361E+01      0.3469817069746025E-02      0.3519301224287308E-01      0.1454718403781269E+00
      0.2355889724310774E+01      0.2185736925569931E-02      0.2416942756122756E-01      0.1109005673540081E+00
      0.2456140350877192E+01      0.1349596936570671E-02      0.1621086552427019E-01      0.8207990965455077E-01
      0.2556390977443609E+01      0.8168275788074342E-03      0.1062202227160341E-01      0.5903504907126832E-01
      0.2656641604010023E+01      0.4845987093371403E-03      0.6801211697654799E-02      0.4129645836560553E-01
      0.2756892230576440E+01      0.2818157815356594E-03      0.4256456439086905E-02      0.2811613063826047E-01
      0.2857142857142854E+01      0.1606517319593364E-03      0.2604277326684821E-02      0.1864264762830157E-01
      0.2957393483709271E+01      0.8977359431553457E-04      0.1558076502311064E-02      0.1204494666594010E-01
      0.3057644110275689E+01      0.4917690259336859E-04      0.9116549277832548E-03      0.7586745951742041E-02
      0.3157894736842103E+01      0.2640763707625685E-04      0.5217750264920553E-03      0.4660626832842817E-02
      0.3258145363408520E+01      0.1390145910247844E-04      0.2921543056947222E-03      0.2793420137360834E-02
      0.3358395989974937E+01      0.7173986557954438E-05      0.1600580339202073E-03      0.1634103344103329E-02
      0.3458646616541351E+01      0.3629419040705689E-05      0.8580929777160153E-04      0.9332712517651691E-03
      0.3558897243107769E+01      0.1800102768842507E-05      0.4502300173026904E-04      0.5205263538582592E-03
      0.3659147869674186E+01      0.8752831379406394E-06      0.2312202280196588E-04      0.2835924123998859E-03
      0.3759398496240600E+01      0.4172521042960963E-06      0.1162394211736869E-04      0.1509609939112598E-03
      0.3859649122807017E+01      0.1950091762131186E-06      0.5720835898215031E-05      0.7853190572472901E-04
      0.3959899749373431E+01      0.8935649279040879E-07      0.2756663344741957E-05      0.3993232144515414E-04
      0.4060150375939848E+01      0.4014393492756081E-07      0.1300659823041849E-05      0.1985086465978843E-04
      0.4160401002506266E+01      0.1768255077234169E-07      0.6009454837689654E-06      0.9649049328160905E-05
      0.4260651629072679E+01      0.7636768221549140E-08      0.2719140391508134E-06      0.4586787551381124E-05
      0.4360902255639097E+01      0.3233871690250219E-08      0.1204996159350931E-06      0.2132632544790666E-05
      0.4461152882205511E+01      0.1342744477035386E-08      0.5230317133664715E-07      0.9699895743707164E-06
      0.4561403508771928E+01      0.5466766145216249E-09      0.2223761897195061E-07      0.4316368038264434E-06
      0.4661654135338345E+01      0.2182445673127021E-09      0.9261788708985771E-08      0.1879419650232987E-06
      0.4761904761904759E+01      0.8543615190204104E-10      0.3778984881939546E-08      0.8008175497071568E-07
      0.4862155388471177E+01      0.3279705511019311E-10      0.1510621204642601E-08      0.3339611431121763E-07
      0.4962406015037594E+01      0.1234618456811487E-10      0.5916457077842575E-09      0.1363190285477569E-07
      0.5062656641604008E+01      0.4557696560591712E-11      0.2270483702245765E-09      0.5447016816116306E-08
      0.5162907268170425E+01      0.1649996128983613E-11      0.8537873129202380E-10      0.2130807389584016E-08
      0.5263157894736842E+01      0.5858084508310723E-12      0.3146147756138180E-10      0.8161175155874573E-09
      0.5363408521303256E+01      0.2039736243981630E-12      0.1136133949921628E-10      0.3060711503816489E-09
      0.5463659147869674E+01      0.6965442386223251E-13      0.4020900574716225E-11      0.1124061249931638E-09
      0.5563909774436087E+01      0.2332869770405278E-13      0.1394705134393512E-11      0.4042879371922277E-10
      0.5664160401002505E+01      0.7663203444150572E-14      0.4741635805874464E-12      0.1424160466823645E-10
      0.5764411027568922E+01      0.2468990194725905E-14      0.1580089836342897E-12      0.4913912064304888E-11
      0.5864661654135336E+01      0.7802411338587637E-15      0.5161356620623053E-13      0.1660841118673507E-11
      0.5964912280701753E+01      0.2418522858791670E-15      0.1652703086356050E-13      0.5499105303940119E-12
      0.6065162907268167E+01      0.7353514455155243E-16      0.5187938124864303E-14      0.1783813018342019E-12
      0.6165413533834585E+01      0.2193182413445244E-16      0.1596553631459444E-14      0.5669297881333436E-13
      0.6265664160401002E+01      0.6416547317195499E-17      0.4817044522691281E-15      0.1765470383675400E-13
      0.6365914786967416E+01      0.1841563819328693E-17      0.1424968992852064E-15      0.5387294135107930E-14
      0.6466165413533833E+01      0.5184961440387534E-18      0.4133110679983384E-16      0.1610969240049610E-14
      0.6566416040100250E+01      0.1432138506056579E-18      0.1175478512623242E-16      0.4721030924393529E-15
      0.6666666666666664E+01      0.3880788245767628E-19      0.3278214988095003E-17      0.1355955798348076E-15
      0.6766917293233082E+01      0.1031760253643400E-19      0.8965273857898349E-18      0.3817146231987445E-16
      0.6867167919799499E+01      0.2691171551406089E-20      0.2404433214717581E-18      0.1053275749744594E-16
      0.6967418546365913E+01      0.6886672555617645E-21      0.6323993245422804E-19      0.2848920045723731E-17
      0.7067669172932330E+01      0.1729158693577433E-21      0.1631298676551537E-19      0.7554000313010570E-18
      0.7167919799498744E+01      0.4261897913966538E-22      0.4127228225859568E-20      0.1963615888899010E-18
      0.7268170426065161E+01      0.1030107624777489E-22      0.1024273631167281E-20      0.5004284662443943E-19
      0.7368421052631579E+01      0.2440878471659920E-23      0.2493056861375606E-21      0.1250431446443624E-19
      0.7468671679197993E+01      0.5665375784552568E-24      0.5951018057119021E-22      0.3063624110634264E-20
      0.7568922305764410E+01      0.1303353549319790E-24      0.1393422883225892E-22      0.7359967272000764E-21
      0.7669172932330824E+01      0.2928046580385068E-25      0.3202300770638256E-23      0.1733780690295161E-21
      0.7769423558897241E+01      0.6397652848520161E-26      0.7219351994478020E-24      0.4005465413832117E-22
      0.7869674185463658E+01      0.1409133203293262E-26      0.1600696138402340E-24      0.9079208460540286E-23
      0.7969924812030072E+01      0.3074263440436472E-27      0.3467097488089622E-25      0.2019282016870274E-23
      0.8070175438596490E+01      0.7337443830475098E-28      0.7450811623927138E-26      0.4385385655341738E-24
      0.8170426065162907E+01      0.1346771499694419E-28      0.1575957020392556E-26      0.9375270866271827E-25
      0.8270676691729321E+01      0.2637785925163133E-29      0.3226443063975828E-27      0.1976933376449703E-25
      0.8370927318295738E+01      0.6358602571881097E-30      0.8299779027381678E-28      0.4180602728799808E-26
      0.8471177944862156E+01      0.1069288819146221E-29      0.1334196457281598E-28      0.8384612384612048E-27
      0.8571428571428569E+01      0.4838382617442356E-30      0.2405912169208895E-29      0.1509170313891475E-27
      0.8671679197994987E+01      0.5262919696976598E-31      0.1623507458843236E-34      0.2723627541658439E-28
      0.8771929824561401E+01      0.8849960495845402E-30      0.6941515891021084E-32      0.5030334439165816E-29
      0.8872180451127818E+01      0.3450866471499555E-30      0.9726567591036819E-31      0.4379672584295189E-29
      0.8972431077694235E+01      0.3799575846885672E-30      0.1594281733385113E-29      0.1017131302567674E-29
      0.9072681704260649E+01      0.7247991146104489E-30      0.7650169862986294E-31      0.2929709351561941E-31
      0.9172932330827066E+01      0.1122697305352237E-31      0.4557390127532893E-30      0.7048582945193756E-31
      0.9273182957393480E+01      0.2549241899192149E-31      0.2643105191163175E-31      0.3755890633720076E-31
      0.9373433583959898E+01      0.6720993971111523E-32      0.2980392779435434E-32      0.8433521474183423E-31
      0.9473684210526315E+01      0.8689457410603177E-35      0.2029497281812578E-30      0.5179695735414443E-31
      0.9573934837092729E+01      0.5078072003355059E-31      0.8005972016890560E-30      0.2080382181069605E-30
      0.9674185463659146E+01      0.2264464812649517E-31      0.1388197945379612E-31      0.6730966633022378E-30
      0.9774436090225564E+01      0.1764127937000337E-30      0.1676211586555374E-30      0.2892426424711808E-31
      0.9874686716791977E+01      0.3779139607545588E-31      0.1651932600404893E-30      0.2972461124202034E-30
      0.9974937343358395E+01      0.1192734258253423E-29      0.6481692390755221E-31      0.2641063556905433E-31
      0.1007518796992481E+02      0.1676733111640397E-30      0.8500955124838471E-32      0.2223526032253602E-31
      0.1017543859649123E+02      0.6093492699427942E-32      0.1201684920346533E-30      0.6202958298826976E-30
      0.1027568922305764E+02      0.4003003465591573E-30      0.4270427013662741E-32      0.2884863029205975E-32
      0.1037593984962406E+02      0.3991217867490059E-30      0.1541318246886106E-30      0.7938711464123770E-31
      0.1047619047619047E+02      0.9844273263236558E-32      0.5629031950950273E-31      0.5618804174690461E-31
      0.1057644110275689E+02      0.5752496580091203E-32      0.1660624486181143E-30      0.6659405230381906E-31
      0.1067669172932331E+02      0.1100334745539935E-31      0.7367024401819925E-31      0.4386150448527820E-30
      0.1077694235588972E+02      0.1596128541313009E-30      0.5048061864787915E-30      0.3131408450311911E-30
      0.1087719298245614E+02      0.4579774198795619E-30      0.1298843826191317E-32      0.6391922829382658E-31
      0.1097744360902255E+02      0.1255888824954460E-30      0.1371421020804469E-30      0.5475167612731875E-30
      0.1107769423558897E+02      0.1072277617232392E-30      0.4006661056332937E-30      0.1409261782228051E-34
      0.1117794486215539E+02      0.5707294311201384E-31      0.6171385805273094E-30      0.1284128559236112E-30
      0.1127819548872180E+02      0.2159946109002283E-30      0.2096038927823012E-32      0.3134140386414970E-31
      0.1137844611528822E+02      0.9707959977118045E-33      0.5729040841498390E-31      0.4011768762627591E-31
      0.1147869674185463E+02      0.4398299873806394E-30      0.1792392334060652E-30      0.1394602106370727E-30
      0.1157894736842105E+02      0.2104423881531425E-30      0.5413507363864292E-31      0.4835075577959125E-30
      0.1167919799498747E+02      0.1388675821664976E-30      0.3061251059213700E-30      0.2952300833531102E-30
      0.1177944862155388E+02      0.1906349919506010E-31      0.1611025230731915E-30      0.1147283576586469E-30
      0.1187969924812030E+02      0.6414450730010632E-31      0.5572716506234037E-31      0.4655933545212318E-31
      0.1197994987468671E+02      0.8712364920761074E-31      0.1025435516857198E-31      0.6701467269892863E-31
      0.1208020050125313E+02      0.1483978637534116E-30      0.6394091103845091E-33      0.3691221227015096E-32
      0.1218045112781954E+02      0.8270287212939358E-31      0.2995286388335942E-30      0.3351307067657054E-32
      0.1228070175438597E+02      0.1324243262382210E-30      0.9370569038927655E-31      0.2306285456966458E-30
      0.1238095238095238E+02      0.2723286373695870E-30      0.2716539788740786E-30      0.5535442432529039E-30
      0.1248120300751879E+02      0.9336137283841384E-32      0.4081236808179222E-30      0.2124973457048300E-31
      0.1258145363408521E+02      0.1828067297516394E-30      0.1123902000678505E-31      0.2506008625266254E-32
      0.1268170426065163E+02      0.1172900231448990E-30      0.2177867006701164E-30      0.7381711978319083E-33
      0.1278195488721804E+02      0.1391186311238730E-31      0.3637007595807586E-31      0.8487749156527292E-31
      0.1288220551378446E+02      0.2404763114088087E-31      0.2090225030380303E-31      0.1102048005656107E-30
      0.1298245614035088E+02      0.3421180998483017E-30      0.4638035934055605E-30      0.4471949606395292E-31
      0.1308270676691729E+02      0.9253772130575451E-31      0.1197563580057568E-30      0.6792968572810297E-32
      0.1318295739348370E+02      0.2233068023015829E-30      0.4691744325420786E-34      0.7887220896082078E-31
      0.1328320802005013E+02      0.3282695888436743E-31      0.2499139142989787E-33      0.4776375182310191E-31
      0.1338345864661654E+02      0.6543053537134931E-33      0.1098248815881489E-32      0.6287757551176782E-31
      0.1348370927318295E+02      0.9404196582770070E-31      0.1256456664002880E-31      0.2344661888067473E-30
      0.1358395989974937E+02      0.5888297515871378E-30      0.2863390648501740E-30      0.1711181473120256E-30
      0.1368421052631579E+02      0.5630104895095877E-30      0.5949478568548094E-31      0.8442021057346032E-32
      0.1378446115288220E+02      0.2332082241932539E-32      0.4776760255171003E-31      0.6329169664854032E-32
      0.1388471177944862E+02      0.4623386613184738E-31      0.4129871716558119E-32      0.1451234002715860E-30
      0.1398496240601504E+02      0.1842690589143474E-31      0.5239126013413013E-31      0.8808631585771617E-32
      0.1408521303258145E+02      0.3610124987785357E-31      0.3998469177951425E-31      0.1950866807311987E-30
      0.1418546365914787E+02      0.1886755962811516E-30      0.7122798507745105E-31      0.3061543628959617E-31
      0.1428571428571428E+02      0.6073961695343701E-31      0.7630712305432933E-32      0.4758749119002797E-31
      0.1438596491228070E+02      0.3840279731551866E-31      0.2700979134867872E-30      0.5744164483423507E-33
      0.1448621553884712E+02      0.1304555202747866E-31      0.8597630554459397E-33      0.2445554868699544E-31
      0.1458646616541353E+02      0.4537767187016160E-32      0.8236599208833955E-31      0.5335532464468796E-33
      0.1468671679197995E+02      0.4869826472612834E-31      0.4002950612610758E-31      0.6695727109813342E-31
      0.1478696741854636E+02      0.4132411291094993E-31      0.3121628938953853E-30      0.1122252542386346E-30
      0.1488721804511278E+02      0.6884619786443331E-31      0.7650825245601294E-32      0.1067273183428160E-32
      0.1498746867167920E+02      0.1394511582942493E-32      0.1537785639398969E-30      0.1180977622394938E-32
      0.1508771929824561E+02      0.9903873492904780E-31      0.1219993978235260E-30      0.1286059534448706E-30
      0.1518796992481203E+02      0.2147429512986877E-31      0.1728304216306339E-31      0.2478852461237574E-30
      0.1528822055137844E+02      0.1661385455382845E-30      0.1638435263201396E-31      0.1146944614536868E-32
      0.1538847117794486E+02      0.1247167273391703E-30      0.2266142443071851E-30      0.1285194873392036E-29
      0.1548872180451128E+02      0.1408526450791010E-30      0.3222711230978901E-31      0.3245289901202645E-31
      0.1558897243107769E+02      0.3426429146448821E-31      0.1404290678378144E-30      0.1253600389245991E-31
      0.1568922305764411E+02      0.4323084888537547E-31      0.7338915558660421E-31      0.8926672752291957E-32
      0.1578947368421053E+02      0.2268083004496516E-31      0.1320826553354920E-30      0.6921351522490988E-32
      0.1588972431077694E+02      0.5302221209333914E-32      0.1235443979691320E-30      0.2472259715133336E-30
      0.1598997493734336E+02      0.8834742808875105E-31      0.5932351333610389E-31      0.1560946279696583E-30
      0.1609022556390977E+02      0.9002175958768253E-32      0.1192478434866749E-30      0.1810868341473808E-32
      0.1619047619047619E+02      0.2317318594997651E-33      0.2983842897746595E-30      0.6770187380722805E-30
      0.1629072681704260E+02      0.3052477451017042E-30      0.1691057258945755E-31      0.8996638712427337E-34
      0.1639097744360902E+02      0.2194901714717793E-30      0.5582456393999726E-33      0.3537030625972426E-30
      0.1649122807017544E+02      0.1478500218712448E-30      0.1562623421462145E-31      0.3143977534814981E-31
      0.1659147869674185E+02      0.2878519197321817E-30      0.2964886308740427E-30      0.5091060930618279E-31
      0.1669172932330827E+02      0.7271963772165375E-30      0.9670893033311333E-33      0.4664909127406760E-30
      0.1679197994987469E+02      0.5143437638515198E-30      0.2504606107923495E-30      0.2632564338604923E-30
      0.1689223057644110E+02      0.4138429535825776E-31      0.4620337000123264E-31      0.7042953604897096E-31
      0.1699248120300751E+02      0.1900203368783941E-31      0.7964260420085340E-31      0.6281057833301948E-31
      0.1709273182957394E+02      0.3682990942759485E-30      0.4428096206776303E-30      0.1902692372943782E-33
      0.1719298245614035E+02      0.9374846747504632E-32      0.1493653560026912E-32      0.8925944565256429E-32
      0.1729323308270676E+02      0.2714732110394910E-30      0.1617212548361325E-33      0.3491537578235388E-30
      0.1739348370927318E+02      0.1280396626281075E-30      0.4033171057868734E-30      0.3928918361542506E-32
      0.1749373433583960E+02      0.1143570243716520E-30      0.1797871359936207E-30      0.3201909217081494E-32
      0.1759398496240601E+02      0.7359064575853875E-31      0.1920568048674217E-30      0.8411220608467294E-31
      0.1769423558897243E+02      0.1172032374584740E-30      0.1954939465122771E-35      0.2576122400375156E-30
      0.1779448621553885E+02      0.1206476893204659E-31      0.1326393110863332E-30      0.1801178356559999E-30
      0.1789473684210526E+02      0.8408811967274594E-30      0.4826295127528747E-30      0.5664297196626047E-31
      0.1799498746867167E+02      0.5604363628650068E-30      0.2836309377480515E-33      0.1302622835622431E-32
      0.1809523809523809E+02      0.1944471049395912E-31      0.1302092468153772E-30      0.4953340659414738E-30
      0.1819548872180451E+02      0.2204275619003241E-30      0.3145859027467624E-30      0.7480438458858994E-31
      0.1829573934837092E+02      0.9006893911791864E-30      0.8493968902010939E-30      0.4333309151982572E-32
      0.1839598997493734E+02      0.7404764843668031E-31      0.1903456239566479E-30      0.5218243957889576E-31
      0.1849624060150376E+02      0.1040218307366339E-32      0.4432090405451475E-32      0.1167643199567167E-30
      0.1859649122807017E+02      0.8289892896544604E-31      0.1029172567124287E-31      0.5338050991149998E-30
      0.1869674185463659E+02      0.1427830281773629E-30      0.3810784095331708E-31      0.1339052871213530E-31
      0.1879699248120301E+02      0.3832087788593004E-31      0.1395880992747880E-30      0.4912878069008551E-31
      0.1889724310776942E+02      0.1363820559413124E-30      0.9682466308064963E-32      0.9121358620936989E-32
      0.1899749373433584E+02      0.9006729650121849E-31      0.1471554422808437E-31      0.6862197524802062E-31
      0.1909774436090225E+02      0.3553794074775288E-30      0.1016741575466165E-31      0.7040848359654450E-31
      0.1919799498746867E+02      0.1032966067688283E-30      0.7255613816548619E-33      0.2419543602983899E-30
      0.1929824561403508E+02      0.5365111727132951E-31      0.6793766477020316E-31      0.2156336599566326E-31
      0.1939849624060150E+02      0.1180399850469102E-30      0.7178401138181982E-35      0.5476080160407275E-31
      0.1949874686716792E+02      0.8045738520144043E-33      0.5197742127401956E-32      0.3308280716015944E-34
      0.1959899749373433E+02      0.1564484350139741E-30      0.1475526670467260E-30      0.9050091187308809E-31
      0.1969924812030075E+02      0.2803282193277765E-34      0.9839951423111253E-31      0.6360606757517292E-30
      0.1979949874686717E+02      0.3772910285674857E-33      0.5029575006239885E-31      0.1771269387361047E-31
      0.1989974937343358E+02      0.5344659249646490E-32      0.2232479528234390E-32      0.5003730927387795E-31
      0.2000000000000000E+02      0.2817419848979537E-30      0.5356967060370851E-32      0.8039630031642818E-30
