                           x                ground state                 1st excited                 2nd excited
     -0.2000000000000000E+02      0.3053519109215154E-05      0.1221332677949787E-04      0.2747717422319790E-04
     -0.1989974937343358E+02      0.1221332677960390E-04      0.4884131407423743E-04      0.1098479945295884E-03
     -0.1979949874686717E+02      0.2747717422344512E-04      0.1098479945296573E-03      0.2469304879327964E-03
     -0.1969924812030075E+02      0.4884131407464567E-04      0.1951734617990586E-03      0.4384218128365929E-03
     -0.1959899749373434E+02      0.7630050130875315E-04      0.3047339293694458E-03      0.6838989280702055E-03
     -0.1949874686716792E+02      0.1098479945305897E-03      0.4384218128368602E-03      0.9828195274677175E-03
     -0.1939849624060150E+02      0.1494755576293778E-03      0.5961058355503127E-03      0.1334523237926546E-02
     -0.1929824561403509E+02      0.1951734618007211E-03      0.7776311575207426E-03      0.1738233078298862E-02
     -0.1919799498746867E+02      0.2469304879350366E-03      0.9828195274682895E-03      0.2193057175892262E-02
     -0.1909774436090225E+02      0.3047339293720538E-03      0.1211469457858512E-02      0.2697990736788120E-02
     -0.1899749373433584E+02      0.3685695950201320E-03      0.1463356422755795E-02      0.3251918265624539E-02
     -0.1889724310776942E+02      0.4384218128405833E-03      0.1738233078299962E-02      0.3853616029940503E-02
     -0.1879699248120301E+02      0.5142734336949450E-03      0.2035829505588426E-02      0.4501754763635900E-02
     -0.1869674185463659E+02      0.5961058355553658E-03      0.2355853475727442E-02      0.5194902603576072E-02
     -0.1859649122807017E+02      0.6838989280764035E-03      0.2697990736789687E-02      0.5931528252853204E-02
     -0.1849624060150376E+02      0.7776311575273152E-03      0.3061905322398545E-02      0.6710004363715386E-02
     -0.1839598997493734E+02      0.8772795120836158E-03      0.3447239881634810E-02      0.7528611132691206E-02
     -0.1829573934837093E+02      0.9828195274765711E-03      0.3853616029942693E-02      0.8385540099965814E-02
     -0.1819548872180451E+02      0.1094225292999445E-02      0.4280634720688599E-02      0.9278898144617289E-02
     -0.1809523809523809E+02      0.1211469457868631E-02      0.4727876637012080E-02      0.1020671166688422E-01
     -0.1799498746867168E+02      0.1334523237938477E-02      0.5194902603578479E-02      0.1116693094822785E-01
     -0.1789473684210526E+02      0.1463356422767980E-02      0.5681254017833884E-02      0.1215743467955405E-01
     -0.1779448621553885E+02      0.1597937383037545E-02      0.6186453300335486E-02      0.1317603464759328E-01
     -0.1769423558897243E+02      0.1738233078314263E-02      0.6710004363718201E-02      0.1422048056908474E-01
     -0.1759398496240602E+02      0.1884209065163553E-02      0.7251393099833657E-02      0.1528846506208507E-01
     -0.1749373433583960E+02      0.2035829505605136E-02      0.7810087884586435E-02      0.1637762874341865E-01
     -0.1739348370927318E+02      0.2193057175911521E-02      0.8385540099968850E-02      0.1748556544100873E-01
     -0.1729323308270677E+02      0.2355853475746669E-02      0.8977184672784543E-02      0.1860982750957488E-01
     -0.1719298245614035E+02      0.2524178437642504E-02      0.9584440629529470E-02      0.1974793123795128E-01
     -0.1709273182957394E+02      0.2697990736811505E-02      0.1020671166688758E-01      0.2089736233608442E-01
     -0.1699248120300752E+02      0.2877247701291726E-02      0.1084338673727764E-01      0.2205558148958075E-01
     -0.1689223057644110E+02      0.3061905322423240E-02      0.1149384064888113E-01      0.2322002996954269E-01
     -0.1679197994987469E+02      0.3251918265652477E-02      0.1215743467955746E-01      0.2438813528529261E-01
     -0.1669172932330827E+02      0.3447239881662454E-02      0.1283351720404539E-01      0.2555731686749800E-01
     -0.1659147869674186E+02      0.3647822217824909E-02      0.1352142433383631E-01      0.2672499176914798E-01
     -0.1649122807017544E+02      0.3853616029973283E-02      0.1422048056908831E-01      0.2788858037177872E-01
     -0.1639097744360902E+02      0.4064570794492508E-02      0.1492999946194191E-01      0.2904551208434602E-01
     -0.1629072681704261E+02      0.4280634720722609E-02      0.1564928429058786E-01      0.3019323102215700E-01
     -0.1619047619047619E+02      0.4501754763673907E-02      0.1637762874342244E-01      0.3132920165331030E-01
     -0.1609022556390978E+02      0.4727876637049585E-02      0.1711431761261941E-01      0.3245091440017377E-01
     -0.1598997493734336E+02      0.4958944826573649E-02      0.1785862749643841E-01      0.3355589118352423E-01
     -0.1588972431077694E+02      0.5194902603619771E-02      0.1860982750957933E-01      0.3464169089710045E-01
     -0.1578947368421053E+02      0.5435692039138423E-02      0.1936718000088526E-01      0.3570591480047795E-01
     -0.1568922305764411E+02      0.5681254017878934E-02      0.2012994127768822E-01      0.3674621181834731E-01
     -0.1558897243107769E+02      0.5931528252902927E-02      0.2089736233609018E-01      0.3776028373449071E-01
     -0.1548872180451128E+02      0.6186453300384634E-02      0.2166868959645613E-01      0.3874589026898496E-01
     -0.1538847117794486E+02      0.6445966574695990E-02      0.2244316564340171E-01      0.3970085402741075E-01
     -0.1528822055137845E+02      0.6710004363771567E-02      0.2322002996954975E-01      0.4062306531113388E-01
     -0.1518796992481203E+02      0.6978501844750639E-02      0.2399851972231921E-01      0.4151048677803999E-01
     -0.1508771929824561E+02      0.7251393099891438E-02      0.2477787045301821E-01      0.4236115794340868E-01
     -0.1498746867167920E+02      0.7528611132753928E-02      0.2555731686750635E-01      0.4317319951100566E-01
     -0.1488721804511278E+02      0.7810087884648532E-02      0.2633609357768578E-01      0.4394481752481003E-01
     -0.1478696741854637E+02      0.8095754251344669E-02      0.2711343585308374E-01      0.4467430733220589E-01
     -0.1468671679197995E+02      0.8385540100035786E-02      0.2788858037178903E-01      0.4536005734988791E-01
     -0.1458646616541353E+02      0.8679374286558055E-02      0.2866076597000945E-01      0.4600055262416110E-01
     -0.1448621553884712E+02      0.8977184672856317E-02      0.2942923438950529E-01      0.4659437817776322E-01
     -0.1438596491228070E+02      0.9278898144694936E-02      0.3019323102217012E-01      0.4714022213582147E-01
     -0.1428571428571429E+02      0.9584440629606738E-02      0.3095200565103094E-01      0.4763687862403718E-01
     -0.1418546365914787E+02      0.9893737115079093E-02      0.3170481318693250E-01      0.4808325043269432E-01
     -0.1408521303258145E+02      0.1020671166696993E-01      0.3245091440018903E-01      0.4847835144060628E-01
     -0.1398496240601504E+02      0.1052328744814962E-01      0.3318957664647953E-01      0.4882130879364767E-01
     -0.1388471177944862E+02      0.1084338673736521E-01      0.3392007458627959E-01      0.4911136483305642E-01
     -0.1378446115288220E+02      0.1116693094832155E-01      0.3464169089711654E-01      0.4934787876924831E-01
     -0.1368421052631579E+02      0.1149384064897406E-01      0.3535371697795496E-01      0.4953032809744312E-01
     -0.1358395989974937E+02      0.1182403558103084E-01      0.3605545364501937E-01      0.4965830975198213E-01
     -0.1348370927318296E+02      0.1215743467965550E-01      0.3674621181836292E-01      0.4973154099677076E-01
     -0.1338345864661654E+02      0.1249395609337003E-01      0.3742531319852238E-01      0.4974986004990372E-01
     -0.1328320802005013E+02      0.1283351720414887E-01      0.3809209093258179E-01      0.4971322644106934E-01
     -0.1318295739348371E+02      0.1317603464770280E-01      0.3874589026899943E-01      0.4962172110095545E-01
     -0.1308270676691729E+02      0.1352142433394490E-01      0.3938606920054824E-01      0.4947554618245889E-01
     -0.1298245614035088E+02      0.1386960146763614E-01      0.4001199909474595E-01      0.4927502461409399E-01
     -0.1288220551378446E+02      0.1422048056920180E-01      0.4062306531114603E-01      0.4902059938657460E-01
     -0.1278195488721805E+02      0.1457397549571794E-01      0.4121866780489567E-01      0.4871283257416821E-01
     -0.1268170426065163E+02      0.1492999946205988E-01      0.4179822171595606E-01      0.4835240409296358E-01
     -0.1258145363408521E+02      0.1528846506220906E-01      0.4236115794341488E-01      0.4794011019880609E-01
     -0.1248120300751880E+02      0.1564928429071036E-01      0.4290692370432195E-01      0.4747686172821371E-01
     -0.1238095238095238E+02      0.1601236856427935E-01      0.4343498307650175E-01      0.4696368208616534E-01
     -0.1228070175438597E+02      0.1637762874354918E-01      0.4394481752481043E-01      0.4640170498520255E-01
     -0.1218045112781955E+02      0.1674497515495521E-01      0.4443592641031825E-01      0.4579217194083968E-01
     -0.1208020050125313E+02      0.1711431761275045E-01      0.4490782748191906E-01      0.4513642952881766E-01
     -0.1197994987468672E+02      0.1748556544114616E-01      0.4536005734988163E-01      0.4443592641025939E-01
     -0.1187969924812030E+02      0.1785862749657384E-01      0.4579217194088444E-01      0.4369221013129760E-01
     -0.1177944862155389E+02      0.1823341219006157E-01      0.4620374693407710E-01      0.4290692370424858E-01
     -0.1167919799498747E+02      0.1860982750971929E-01      0.4659437817775004E-01      0.4208180197788294E-01
     -0.1157894736842105E+02      0.1898778104332832E-01      0.4696368208619486E-01      0.4121866780480953E-01
     -0.1147869674185464E+02      0.1936718000102954E-01      0.4731129601637254E-01      0.4031942801444324E-01
     -0.1137844611528822E+02      0.1974793123810326E-01      0.4763687862401711E-01      0.3938606920045280E-01
     -0.1127819548872180E+02      0.2012994127783695E-01      0.4794011019881996E-01      0.3842065333199346E-01
     -0.1117794486215539E+02      0.2051311633447508E-01      0.4822069297837676E-01      0.3742531319841948E-01
     -0.1107769423558897E+02      0.2089736233624332E-01      0.4847835144057901E-01      0.3640224769754352E-01
     -0.1097744360902256E+02      0.2128258494844285E-01      0.4871283257416525E-01      0.3535371697784718E-01
     -0.1087719298245614E+02      0.2166868959661243E-01      0.4892390612716935E-01      0.3428203744537884E-01
     -0.1077694235588972E+02      0.2205558148974576E-01      0.4911136483302121E-01      0.3318957664636693E-01
     -0.1067669172932331E+02      0.2244316564356200E-01      0.4927502461407322E-01      0.3207874803685560E-01
     -0.1057644110275689E+02      0.2283134690382688E-01      0.4941472476235817E-01      0.3095200565091505E-01
     -0.1047619047619048E+02      0.2322002996971327E-01      0.4953032809739930E-01      0.2981183867920884E-01
     -0.1037593984962406E+02      0.2360911941719702E-01      0.4962172110091658E-01      0.2866076596989211E-01
     -0.1027568922305765E+02      0.2399851972248528E-01      0.4968881402829565E-01      0.2750133046399330E-01
     -0.1017543859649123E+02      0.2438813528546762E-01      0.4973154099671646E-01      0.2633609357756649E-01
     -0.1007518796992481E+02      0.2477787045318666E-01      0.4974986004984627E-01      0.2516762954303054E-01
     -0.9974937343358397E+01      0.2516762954332073E-01      0.4974375319903899E-01      0.2399851972219660E-01
     -0.9874686716791981E+01      0.2555731686767594E-01      0.4971322644100135E-01      0.2283134690354140E-01
     -0.9774436090225564E+01      0.2594683675567731E-01      0.4965830975190260E-01      0.2166868959633115E-01
     -0.9674185463659148E+01      0.2633609357785625E-01      0.4957905705793737E-01      0.2051311633419897E-01
     -0.9573934837092732E+01      0.2672499176932787E-01      0.4947554618237720E-01      0.1936718000075956E-01
     -0.9473684210526317E+01      0.2711343585325381E-01      0.4934787876914577E-01      0.1823341218979827E-01
     -0.9373433583959901E+01      0.2750133046428192E-01      0.4919618018301058E-01      0.1711431761249427E-01
     -0.9273182957393484E+01      0.2788858037195910E-01      0.4902059938647921E-01      0.1601236856403024E-01
     -0.9172932330827068E+01      0.2827509050410984E-01      0.4882130879352270E-01      0.1492999946181814E-01
     -0.9072681704260653E+01      0.2866076597017875E-01      0.4859850410027354E-01      0.1386960146740268E-01
     -0.8972431077694235E+01      0.2904551208452596E-01      0.4835240409285584E-01      0.1283351720392443E-01
     -0.8872180451127820E+01      0.2942923438967315E-01      0.4808325043254784E-01      0.1182403558081651E-01
     -0.8771929824561404E+01      0.2981183867949250E-01      0.4779130741847854E-01      0.1084338673716135E-01
     -0.8671679197994989E+01      0.3019323102233675E-01      0.4747686172809491E-01      0.9893737114885852E-02
     -0.8571428571428573E+01      0.3057331778409730E-01      0.4714022213565550E-01      0.8977184672674311E-02
     -0.8471177944862156E+01      0.3095200565119553E-01      0.4678171920902598E-01      0.8095754251173716E-02
     -0.8370927318295740E+01      0.3132920165348869E-01      0.4640170498507331E-01      0.7251393099731004E-02
     -0.8270676691729324E+01      0.3170481318709540E-01      0.4600055262397708E-01      0.6445966574546331E-02
     -0.8170426065162907E+01      0.3207874803713222E-01      0.4557865604280029E-01      0.5681254017740159E-02
     -0.8070175438596491E+01      0.3245091440035008E-01      0.4513642952867805E-01      0.4958944826445478E-02
     -0.7969924812030076E+01      0.3282122090767491E-01      0.4467430733200312E-01      0.4280634720604851E-02
     -0.7869674185463660E+01      0.3318957664663836E-01      0.4419274324000427E-01      0.3647822217717571E-02
     -0.7769423558897245E+01      0.3355589118369767E-01      0.4369221013114750E-01      0.3061905322326189E-02
     -0.7669172932330827E+01      0.3392007458643652E-01      0.4317319951078569E-01      0.2524178437555686E-02
     -0.7568922305764412E+01      0.3428203744564513E-01      0.4263622102851593E-01      0.2035829505528378E-02
     -0.7468671679197996E+01      0.3464169089727129E-01      0.4208180197772516E-01      0.1597937382970799E-02
     -0.7368421052631579E+01      0.3499894664423540E-01      0.4151048677780490E-01      0.1211469457811647E-02
     -0.7268170426065163E+01      0.3535371697810916E-01      0.4092283643955274E-01      0.8772795120361529E-03
     -0.7167919799498748E+01      0.3570591480064719E-01      0.4031942801427913E-01      0.5961058355171650E-03
     -0.7067669172932332E+01      0.3605545364517234E-01      0.3970085402716408E-01      0.3685695949908553E-03
     -0.6967418546365916E+01      0.3640224769780196E-01      0.3906772189541925E-01      0.1951734617799731E-03
     -0.6867167919799499E+01      0.3674621181851600E-01      0.3842065333182590E-01      0.7630050129615914E-04
     -0.6766917293233083E+01      0.3708726156205960E-01      0.3776028373423693E-01      0.1221332677471247E-04
     -0.6666666666666668E+01      0.3742531319867562E-01      0.3708726156163582E-01      0.3053519111581121E-05
     -0.6566416040100250E+01      0.3776028373466016E-01      0.3640224769737679E-01      0.4884131408378678E-04
     -0.6466165413533835E+01      0.3809209093273649E-01      0.3570591480022077E-01      0.1494755576447749E-03
     -0.6365914786967419E+01      0.3842065333224860E-01      0.3499894664380729E-01      0.3047339293932075E-03
     -0.6265664160401004E+01      0.3874589026915638E-01      0.3428203744521554E-01      0.5142734337213740E-03
     -0.6165413533834588E+01      0.3906772189584061E-01      0.3355589118326614E-01      0.7776311575584732E-03
     -0.6065162907268171E+01      0.3938606920070747E-01      0.3282122090724198E-01      0.1094225293034823E-02
     -0.5964912280701755E+01      0.3970085402758392E-01      0.3207874803669758E-01      0.1463356422807106E-02
     -0.5864661654135340E+01      0.4001199909490711E-01      0.3132920165305281E-01      0.1884209065206067E-02
     -0.5764411027568922E+01      0.4031942801469682E-01      0.3057331778366139E-01      0.2355853475792024E-02
     -0.5664160401002507E+01      0.4062306531130976E-01      0.2981183867905671E-01      0.2877247701339549E-02
     -0.5563909774436091E+01      0.4092283643996813E-01      0.2904551208409057E-01      0.3447239881712389E-02
     -0.5463659147869675E+01      0.4121866780506255E-01      0.2827509050367499E-01      0.4064570794544180E-02
     -0.5363408521303260E+01      0.4151048677821798E-01      0.2750133046384867E-01      0.4727876637102474E-02
     -0.5263157894736842E+01      0.4179822171612658E-01      0.2672499176889662E-01      0.5435692039191677E-02
     -0.5162907268170427E+01      0.4208180197813577E-01      0.2594683675524944E-01      0.6186453300437915E-02
     -0.5062656641604011E+01      0.4236115794358972E-01      0.2516762954289611E-01      0.6978501844803396E-02
     -0.4962406015037594E+01      0.4263622102892470E-01      0.2438813528504801E-01      0.7810087884700168E-02
     -0.4862155388471178E+01      0.4290692370450189E-01      0.2360911941678343E-01      0.8679374286607765E-02
     -0.4761904761904763E+01      0.4317319951119167E-01      0.2283134690341990E-01      0.9584440629653711E-02
     -0.4661654135338347E+01      0.4343498307668640E-01      0.2205558148934546E-01      0.1052328744819360E-01
     -0.4561403508771932E+01      0.4369221013155029E-01      0.2128258494805020E-01      0.1149384064901463E-01
     -0.4461152882205514E+01      0.4394481752499958E-01      0.2051311633409081E-01      0.1249395609340702E-01
     -0.4360902255639099E+01      0.4419274324040335E-01      0.1974793123772716E-01      0.1352142433397809E-01
     -0.4260651629072683E+01      0.4443592641051092E-01      0.1898778104296076E-01      0.1457397549574711E-01
     -0.4160401002506266E+01      0.4467430733239629E-01      0.1823341218970240E-01      0.1564928429073634E-01
     -0.4060150375939850E+01      0.4490782748211330E-01      0.1748556544079559E-01      0.1674497515497787E-01
     -0.3959899749373434E+01      0.4513642952906533E-01      0.1674497515461292E-01      0.1785862749659214E-01
     -0.3859649122807017E+01      0.4536005735007687E-01      0.1601236856394488E-01      0.1898778104334174E-01
     -0.3759398496240603E+01      0.4557865604317813E-01      0.1528846506188259E-01      0.2012994127784574E-01
     -0.3659147869674186E+01      0.4579217194107856E-01      0.1457397549539959E-01      0.2128258494844682E-01
     -0.3558897243107772E+01      0.4600055262434507E-01      0.1386960146732644E-01      0.2244316564356113E-01
     -0.3458646616541355E+01      0.4620374693426967E-01      0.1317603464740188E-01      0.2360911941719228E-01
     -0.3358395989974937E+01      0.4640170498543002E-01      0.1249395609307804E-01      0.2477787045317899E-01
     -0.3258145363408524E+01      0.4659437817793789E-01      0.1182403558074762E-01      0.2594683675566794E-01
     -0.3157894736842106E+01      0.4678171920936900E-01      0.1116693094804757E-01      0.2711343585324290E-01
     -0.3057644110275689E+01      0.4696368208637729E-01      0.1052328744788504E-01      0.2827509050409766E-01
     -0.2957393483709275E+01      0.4714022213598353E-01      0.9893737114823846E-02      0.2942923438965987E-01
     -0.2857142857142858E+01      0.4731129601654801E-01      0.9278898144449092E-02      0.3057331778408270E-01
     -0.2756892230576440E+01      0.4747686172840700E-01      0.8679374286322249E-02      0.3170481318707945E-01
     -0.2656641604010026E+01      0.4763687862418532E-01      0.8095754251118886E-02      0.3282122090765686E-01
     -0.2556390977443609E+01      0.4779130741877454E-01      0.7528611132537789E-02      0.3392007458641591E-01
     -0.2456140350877195E+01      0.4794011019897954E-01      0.6978501844543850E-02      0.3499894664421228E-01
     -0.2355889724310778E+01      0.4808325043282526E-01      0.6445966574498382E-02      0.3605545364514520E-01
     -0.2255639097744361E+01      0.4822069297852662E-01      0.5931528252714665E-02      0.3708726156202598E-01
     -0.2155388471177947E+01      0.4835240409311355E-01      0.5435692038959428E-02      0.3809209093269474E-01
     -0.2055137844611529E+01      0.4847835144071815E-01      0.4958944826403883E-02      0.3906772189578987E-01
     -0.1954887218045116E+01      0.4859850410051035E-01      0.4501754763513028E-02      0.4001199909484727E-01
     -0.1854636591478698E+01      0.4871283257429254E-01      0.4064570794340625E-02      0.4092283643989907E-01
     -0.1754385964912281E+01      0.4882130879373887E-01      0.3647822217682134E-02      0.4179822171604639E-01
     -0.1654135338345867E+01      0.4892390612728637E-01      0.3251918265518701E-02      0.4263622102883229E-01
     -0.1553884711779450E+01      0.4902059938667487E-01      0.2877247701166875E-02      0.4343498307658209E-01
     -0.1453634085213032E+01      0.4911136483312876E-01      0.2524178437526640E-02      0.4419274324028694E-01
     -0.1353383458646618E+01      0.4919618018318662E-01      0.2193057175804486E-02      0.4490782748198797E-01
     -0.1253132832080201E+01      0.4927502461417151E-01      0.1884209065065476E-02      0.4557865604304567E-01
     -0.1152882205513784E+01      0.4934787876930363E-01      0.1597937382948316E-02      0.4620374693413335E-01
     -0.1052631578947370E+01      0.4941472476244928E-01      0.1334523237857915E-02      0.4678171920923334E-01
     -0.9523809523809526E+00      0.4947554618251655E-01      0.1094225292927380E-02      0.4731129601641536E-01
     -0.8521303258145387E+00      0.4953032809748249E-01      0.8772795120199047E-03      0.4779130741864695E-01
     -0.7518796992481214E+00      0.4957905705805931E-01      0.6838989280209861E-03      0.4822069297840823E-01
     -0.6516290726817040E+00      0.4962172110099410E-01      0.5142734336475576E-03      0.4859850410040342E-01
     -0.5513784461152902E+00      0.4965830975200679E-01      0.3685695949806152E-03      0.4892390612719133E-01
     -0.4511278195488728E+00      0.4968881402836599E-01      0.2469304879031501E-03      0.4919618018310162E-01
     -0.3508771929824590E+00      0.4971322644108826E-01      0.1494755576049386E-03      0.4941472476237233E-01
     -0.2506265664160416E+00      0.4973154099677996E-01      0.7630050129156701E-04      0.4957905705798945E-01
     -0.1503759398496243E+00      0.4974375319910751E-01      0.2747717421328915E-04      0.4968881402830233E-01
     -0.5012531328321046E-01      0.4974986004990183E-01      0.3053519105875154E-05      0.4974375319905228E-01
      0.5012531328320691E-01      0.4974986004989447E-01      0.3053519112505012E-05      0.4974375319904246E-01
      0.1503759398496243E+00      0.4974375319908671E-01      0.2747717423315901E-04      0.4968881402827290E-01
      0.2506265664160381E+00      0.4973154099674627E-01      0.7630050132467265E-04      0.4957905705794002E-01
      0.3508771929824555E+00      0.4971322644104133E-01      0.1494755576513385E-03      0.4941472476230287E-01
      0.4511278195488728E+00      0.4968881402830620E-01      0.2469304879628277E-03      0.4919618018301307E-01
      0.5513784461152866E+00      0.4965830975193489E-01      0.3685695950535044E-03      0.4892390612708406E-01
      0.6516290726817040E+00      0.4962172110090948E-01      0.5142734337336182E-03      0.4859850410027782E-01
      0.7518796992481178E+00      0.4957905705796384E-01      0.6838989281202440E-03      0.4822069297826422E-01
      0.8521303258145352E+00      0.4953032809737567E-01      0.8772795121323830E-03      0.4779130741848492E-01
      0.9523809523809526E+00      0.4947554618239741E-01      0.1094225293052867E-02      0.4731129601623588E-01
      0.1052631578947366E+01      0.4941472476231847E-01      0.1334523237996290E-02      0.4678171920903564E-01
      0.1152882205513784E+01      0.4934787876916150E-01      0.1597937383099536E-02      0.4620374693391716E-01
      0.1253132832080198E+01      0.4927502461401796E-01      0.1884209065229482E-02      0.4557865604281163E-01
      0.1353383458646615E+01      0.4919618018302075E-01      0.2193057175981224E-02      0.4490782748173653E-01
      0.1453634085213032E+01      0.4911136483295159E-01      0.2524178437715753E-02      0.4419274324001986E-01
      0.1553884711779446E+01      0.4902059938648570E-01      0.2877247701368209E-02      0.4343498307629851E-01
      0.1654135338345863E+01      0.4892390612708556E-01      0.3251918265732051E-02      0.4263622102853423E-01
      0.1754385964912281E+01      0.4882130879352630E-01      0.3647822217907364E-02      0.4179822171573507E-01
      0.1854636591478695E+01      0.4871283257406902E-01      0.4064570794577622E-02      0.4092283643957453E-01
      0.1954887218045112E+01      0.4859850410027522E-01      0.4501754763761330E-02      0.4001199909451051E-01
      0.2055137844611529E+01      0.4847835144047156E-01      0.4958944826663028E-02      0.3906772189544178E-01
      0.2155388471177943E+01      0.4835240409285663E-01      0.5435692039229338E-02      0.3809209093233626E-01
      0.2255639097744361E+01      0.4822069297825909E-01      0.5931528252995380E-02      0.3708726156165698E-01
      0.2355889724310774E+01      0.4808325043254839E-01      0.6445966574789423E-02      0.3605545364476663E-01
      0.2456140350877192E+01      0.4794011019869351E-01      0.6978501844844654E-02      0.3499894664382552E-01
      0.2556390977443609E+01      0.4779130741848040E-01      0.7528611132848246E-02      0.3392007458602148E-01
      0.2656641604010023E+01      0.4763687862388363E-01      0.8095754251438891E-02      0.3282122090725522E-01
      0.2756892230576440E+01      0.4747686172809776E-01      0.8679374286651685E-02      0.3170481318667143E-01
      0.2857142857142854E+01      0.4731129601623178E-01      0.9278898144787962E-02      0.3057331778367021E-01
      0.2957393483709271E+01      0.4714022213566037E-01      0.9893737115171183E-02      0.2942923438924420E-01
      0.3057644110275689E+01      0.4696368208604566E-01      0.1052328744824084E-01      0.2827509050367932E-01
      0.3157894736842103E+01      0.4678171920903049E-01      0.1116693094841174E-01      0.2711343585282337E-01
      0.3258145363408520E+01      0.4659437817759270E-01      0.1182403558112050E-01      0.2594683675524871E-01
      0.3358395989974937E+01      0.4640170498507850E-01      0.1249395609345924E-01      0.2477787045276133E-01
      0.3458646616541351E+01      0.4620374693391145E-01      0.1317603464779123E-01      0.2360911941677820E-01
      0.3558897243107769E+01      0.4600055262398189E-01      0.1386960146772460E-01      0.2244316564315145E-01
      0.3659147869674186E+01      0.4579217194071146E-01      0.1457397549580659E-01      0.2128258494804240E-01
      0.3759398496240600E+01      0.4557865604280800E-01      0.1528846506229859E-01      0.2012994127744844E-01
      0.3859649122807017E+01      0.4536005734970306E-01      0.1601236856436940E-01      0.1898778104295283E-01
      0.3959899749373431E+01      0.4513642952868886E-01      0.1674497515504610E-01      0.1785862749621190E-01
      0.4060150375939848E+01      0.4490782748173745E-01      0.1748556544123748E-01      0.1674497515460761E-01
      0.4160401002506266E+01      0.4467430733202116E-01      0.1823341219015333E-01      0.1564928429037706E-01
      0.4260651629072679E+01      0.4443592641013671E-01      0.1898778104341986E-01      0.1457397549539949E-01
      0.4360902255639097E+01      0.4419274324003003E-01      0.1974793123819412E-01      0.1352142433364239E-01
      0.4461152882205511E+01      0.4394481752462937E-01      0.2051311633456614E-01      0.1249395609308381E-01
      0.4561403508771928E+01      0.4369221013118418E-01      0.2128258494853358E-01      0.1149384064870465E-01
      0.4661654135338345E+01      0.4343498307632338E-01      0.2205558148983606E-01      0.1052328744789714E-01
      0.4761904761904759E+01      0.4317319951083195E-01      0.2283134690391686E-01      0.9584440629371145E-02
      0.4862155388471177E+01      0.4290692370414568E-01      0.2360911941728729E-01      0.8679374286339242E-02
      0.4962406015037594E+01      0.4263622102857213E-01      0.2438813528555803E-01      0.7810087884446178E-02
      0.5062656641604008E+01      0.4236115794324064E-01      0.2516762954341186E-01      0.6978501844563889E-02
      0.5162907268170425E+01      0.4208180197778926E-01      0.2594683675577003E-01      0.6186453300213242E-02
      0.5263157894736842E+01      0.4179822171578289E-01      0.2672499176942235E-01      0.5435692038982063E-02
      0.5363408521303256E+01      0.4151048677787667E-01      0.2750133046437910E-01      0.4727876636907939E-02
      0.5463659147869674E+01      0.4121866780472350E-01      0.2827509050420924E-01      0.4064570794365038E-02
      0.5563909774436087E+01      0.4092283643963106E-01      0.2904551208462778E-01      0.3447239881548809E-02
      0.5664160401002505E+01      0.4062306531097432E-01      0.2981183867959676E-01      0.2877247701191365E-02
      0.5764411027568922E+01      0.4031942801436317E-01      0.3057331778420417E-01      0.2355853475659037E-02
      0.5864661654135336E+01      0.4001199909457440E-01      0.3132920165359759E-01      0.1884209065088326E-02
      0.5964912280701753E+01      0.3970085402725200E-01      0.3207874803724287E-01      0.1463356422704544E-02
      0.6065162907268167E+01      0.3938606920037629E-01      0.3282122090778761E-01      0.1094225292947033E-02
      0.6165413533834585E+01      0.3906772189551017E-01      0.3355589118381162E-01      0.7776311574853116E-03
      0.6265664160401002E+01      0.3874589026882657E-01      0.3428203744575982E-01      0.5142734336625995E-03
      0.6365914786967416E+01      0.3842065333191982E-01      0.3499894664434972E-01      0.3047339293485284E-03
      0.6466165413533833E+01      0.3809209093240846E-01      0.3570591480075980E-01      0.1494755576139111E-03
      0.6566416040100250E+01      0.3776028373433227E-01      0.3640224769791169E-01      0.4884131406637514E-04
      0.6666666666666664E+01      0.3742531319834772E-01      0.3708726156216553E-01      0.3053519107286589E-05
      0.6766917293233082E+01      0.3708726156173125E-01      0.3776028373476118E-01      0.1221332678316964E-04
      0.6867167919799499E+01      0.3674621181818603E-01      0.3842065333234398E-01      0.7630050131696114E-04
      0.6967418546365913E+01      0.3640224769747027E-01      0.3906772189592913E-01      0.1951734618127345E-03
      0.7067669172932330E+01      0.3605545364483790E-01      0.3970085402766498E-01      0.3685695950351443E-03
      0.7167919799498744E+01      0.3570591480030985E-01      0.4031942801477079E-01      0.5961058355725902E-03
      0.7268170426065161E+01      0.3535371697776876E-01      0.4092283644003419E-01      0.8772795121023319E-03
      0.7368421052631579E+01      0.3499894664389092E-01      0.4151048677827490E-01      0.1211469457888203E-02
      0.7468671679197993E+01      0.3464169089692259E-01      0.4208180197818337E-01      0.1597937383057253E-02
      0.7568922305764410E+01      0.3428203744529185E-01      0.4263622102896156E-01      0.2035829505624356E-02
      0.7669172932330824E+01      0.3392007458607842E-01      0.4317319951121868E-01      0.2524178437660758E-02
      0.7769423558897241E+01      0.3355589118333448E-01      0.4369221013156698E-01      0.3061905322439832E-02
      0.7869674185463658E+01      0.3318957664627085E-01      0.4419274324040942E-01      0.3647822217839383E-02
      0.7969924812030072E+01      0.3282122090730265E-01      0.4467430733239387E-01      0.4280634720734152E-02
      0.8070175438596490E+01      0.3245091439997269E-01      0.4513642952905429E-01      0.4958944826581666E-02
      0.8170426065162907E+01      0.3207874803675007E-01      0.4557865604316055E-01      0.5681254017882693E-02
      0.8270676691729321E+01      0.3170481318670895E-01      0.4600055262432197E-01      0.6445966574694910E-02
      0.8370927318295738E+01      0.3132920165309788E-01      0.4640170498540333E-01      0.7251393099884945E-02
      0.8471177944862156E+01      0.3095200565080104E-01      0.4678171920934076E-01      0.8095754251331825E-02
      0.8571428571428569E+01      0.3057331778369930E-01      0.4714022213595503E-01      0.8977184672836602E-02
      0.8671679197994987E+01      0.3019323102193543E-01      0.4747686172837939E-01      0.9893737115051629E-02
      0.8771929824561401E+01      0.2981183867908875E-01      0.4779130741874818E-01      0.1084338673732980E-01
      0.8872180451127818E+01      0.2942923438926663E-01      0.4808325043280246E-01      0.1182403558098705E-01
      0.8972431077694235E+01      0.2904551208411742E-01      0.4835240409309578E-01      0.1283351720409661E-01
      0.9072681704260649E+01      0.2866076596976782E-01      0.4859850410049849E-01      0.1386960146757573E-01
      0.9172932330827066E+01      0.2827509050369694E-01      0.4882130879373302E-01      0.1492999946199161E-01
      0.9273182957393480E+01      0.2788858037154411E-01      0.4902059938667362E-01      0.1601236856420372E-01
      0.9373433583959898E+01      0.2750133046386555E-01      0.4919618018318980E-01      0.1711431761266693E-01
      0.9473684210526315E+01      0.2711343585283609E-01      0.4934787876931026E-01      0.1823341218997007E-01
      0.9573934837092729E+01      0.2672499176890891E-01      0.4947554618252670E-01      0.1936718000092986E-01
      0.9674185463659146E+01      0.2633609357743647E-01      0.4957905705807203E-01      0.2051311633436752E-01
      0.9774436090225564E+01      0.2594683675525690E-01      0.4965830975202206E-01      0.2166868959649703E-01
      0.9874686716791977E+01      0.2555731686725497E-01      0.4971322644110740E-01      0.2283134690370437E-01
      0.9974937343358395E+01      0.2516762954290007E-01      0.4974375319913209E-01      0.2399851972235690E-01
      0.1007518796992481E+02      0.2477787045276600E-01      0.4974986004992531E-01      0.2516762954318780E-01
      0.1017543859649123E+02      0.2438813528504848E-01      0.4973154099678301E-01      0.2633609357772037E-01
      0.1027568922305764E+02      0.2399851972206808E-01      0.4968881402835037E-01      0.2750133046414435E-01
      0.1037593984962406E+02      0.2360911941678220E-01      0.4962172110096007E-01      0.2866076597004034E-01
      0.1047619047619047E+02      0.2322002996930086E-01      0.4953032809743157E-01      0.2981183867935358E-01
      0.1057644110275689E+02      0.2283134690341758E-01      0.4941472476237892E-01      0.3095200565105669E-01
      0.1067669172932331E+02      0.2244316564315641E-01      0.4927502461408327E-01      0.3207874803699387E-01
      0.1077694235588972E+02      0.2205558148934432E-01      0.4911136483302072E-01      0.3318957664650159E-01
      0.1087719298245614E+02      0.2166868959621527E-01      0.4892390612715851E-01      0.3428203744550938E-01
      0.1097744360902255E+02      0.2128258494804994E-01      0.4871283257414442E-01      0.3535371697797423E-01
      0.1107769423558897E+02      0.2089736233585550E-01      0.4847835144054975E-01      0.3640224769766707E-01
      0.1117794486215539E+02      0.2051311633409274E-01      0.4822069297833954E-01      0.3742531319853964E-01
      0.1127819548872180E+02      0.2012994127745945E-01      0.4794011019877495E-01      0.3842065333211001E-01
      0.1137844611528822E+02      0.1974793123773103E-01      0.4763687862396559E-01      0.3938606920056575E-01
      0.1147869674185463E+02      0.1936718000066333E-01      0.4731129601631596E-01      0.4031942801455315E-01
      0.1157894736842105E+02      0.1898778104296814E-01      0.4696368208613304E-01      0.4121866780491625E-01
      0.1167919799498747E+02      0.1860982750936510E-01      0.4659437817768334E-01      0.4208180197798606E-01
      0.1177944862155388E+02      0.1823341218971359E-01      0.4620374693400664E-01      0.4290692370434836E-01
      0.1187969924812030E+02      0.1785862749623229E-01      0.4579217194081015E-01      0.4369221013139350E-01
      0.1197994987468671E+02      0.1748556544081105E-01      0.4536005734980405E-01      0.4443592641035152E-01
      0.1208020050125313E+02      0.1711431761242153E-01      0.4490782748183753E-01      0.4513642952890630E-01
      0.1218045112781954E+02      0.1674497515463242E-01      0.4443592641023340E-01      0.4579217194092417E-01
      0.1228070175438597E+02      0.1637762874323258E-01      0.4394481752472190E-01      0.4640170498528303E-01
      0.1238095238095238E+02      0.1601236856396882E-01      0.4343498307640929E-01      0.4696368208624160E-01
      0.1248120300751879E+02      0.1564928429040567E-01      0.4290692370422523E-01      0.4747686172828621E-01
      0.1258145363408521E+02      0.1528846506191003E-01      0.4236115794331402E-01      0.4794011019887543E-01
      0.1268170426065163E+02      0.1492999946176640E-01      0.4179822171585112E-01      0.4835240409302968E-01
      0.1278195488721804E+02      0.1457397549542976E-01      0.4121866780478704E-01      0.4871283257423116E-01
      0.1288220551378446E+02      0.1422048056891873E-01      0.4062306531103423E-01      0.4902059938663506E-01
      0.1298245614035088E+02      0.1386960146735813E-01      0.4001199909463141E-01      0.4927502461415203E-01
      0.1308270676691729E+02      0.1352142433367201E-01      0.3938606920043278E-01      0.4947554618251623E-01
      0.1318295739348370E+02      0.1317603464743495E-01      0.3874589026888324E-01      0.4962172110101098E-01
      0.1328320802005013E+02      0.1283351720388616E-01      0.3809209093246568E-01      0.4971322644112371E-01
      0.1338345864661654E+02      0.1249395609311257E-01      0.3742531319840654E-01      0.4974986004995736E-01
      0.1348370927318295E+02      0.1215743467940357E-01      0.3674621181824882E-01      0.4973154099682381E-01
      0.1358395989974937E+02      0.1182403558078468E-01      0.3605545364490691E-01      0.4965830975203380E-01
      0.1368421052631579E+02      0.1149384064873355E-01      0.3535371697784410E-01      0.4953032809749412E-01
      0.1378446115288220E+02      0.1116693094808652E-01      0.3464169089700631E-01      0.4934787876929672E-01
      0.1388471177944862E+02      0.1084338673713632E-01      0.3392007458617144E-01      0.4911136483310393E-01
      0.1398496240601504E+02      0.1052328744792662E-01      0.3318957664637317E-01      0.4882130879369412E-01
      0.1408521303258145E+02      0.1020671166675291E-01      0.3245091440008396E-01      0.4847835144065174E-01
      0.1418546365914787E+02      0.9893737114867966E-02      0.3170481318682876E-01      0.4808325043273896E-01
      0.1428571428571428E+02      0.9584440629401695E-02      0.3095200565092915E-01      0.4763687862408129E-01
      0.1438596491228070E+02      0.9278898144495850E-02      0.3019323102207040E-01      0.4714022213586486E-01
      0.1448621553884712E+02      0.8977184672663651E-02      0.2942923438940830E-01      0.4659437817780612E-01
      0.1458646616541353E+02      0.8679374286371451E-02      0.2866076596991541E-01      0.4600055262420338E-01
      0.1468671679197995E+02      0.8385540099855170E-02      0.2788858037169756E-01      0.4536005734992939E-01
      0.1478696741854636E+02      0.8095754251169932E-02      0.2711343585299460E-01      0.4467430733224535E-01
      0.1488721804511278E+02      0.7810087884479834E-02      0.2633609357760000E-01      0.4394481752484809E-01
      0.1498746867167920E+02      0.7528611132591214E-02      0.2555731686742361E-01      0.4317319951104230E-01
      0.1508771929824561E+02      0.7251393099734634E-02      0.2477787045293836E-01      0.4236115794344367E-01
      0.1518796992481203E+02      0.6978501844599571E-02      0.2399851972224203E-01      0.4151048677807352E-01
      0.1528822055137844E+02      0.6710004363626487E-02      0.2322002996947614E-01      0.4062306531116736E-01
      0.1538847117794486E+02      0.6445966574556938E-02      0.2244316564333155E-01      0.3970085402744369E-01
      0.1548872180451128E+02      0.6186453300251769E-02      0.2166868959638898E-01      0.3874589026901831E-01
      0.1558897243107769E+02      0.5931528252776167E-02      0.2089736233602670E-01      0.3776028373452496E-01
      0.1568922305764411E+02      0.5681254017757890E-02      0.2012994127762820E-01      0.3674621181838261E-01
      0.1578947368421053E+02      0.5435692039023244E-02      0.1936718000082889E-01      0.3570591480051488E-01
      0.1588972431077694E+02      0.5194902603510380E-02      0.1860982750952688E-01      0.3464169089713827E-01
      0.1598997493734336E+02      0.4958944826469770E-02      0.1785862749638924E-01      0.3355589118356261E-01
      0.1609022556390977E+02      0.4727876636951065E-02      0.1711431761257383E-01      0.3245091440021373E-01
      0.1619047619047619E+02      0.4501754763580694E-02      0.1637762874338098E-01      0.3132920165335148E-01
      0.1629072681704260E+02      0.4280634720634375E-02      0.1564928429055033E-01      0.3019323102219929E-01
      0.1639097744360902E+02      0.4064570794408953E-02      0.1492999946190756E-01      0.2904551208438927E-01
      0.1649122807017544E+02      0.3853616029894192E-02      0.1422048056905720E-01      0.2788858037182342E-01
      0.1659147869674185E+02      0.3647822217750288E-02      0.1352142433380871E-01      0.2672499176919447E-01
      0.1669172932330827E+02      0.3447239881592052E-02      0.1283351720402091E-01      0.2555731686754561E-01
      0.1679197994987469E+02      0.3251918265586076E-02      0.1215743467953541E-01      0.2438813528534116E-01
      0.1689223057644110E+02      0.3061905322360674E-02      0.1149384064886151E-01      0.2322002996959258E-01
      0.1699248120300751E+02      0.2877247701233012E-02      0.1084338673726014E-01      0.2205558148963158E-01
      0.1709273182957394E+02      0.2697990736756620E-02      0.1020671166687225E-01      0.2089736233613623E-01
      0.1719298245614035E+02      0.2524178437591310E-02      0.9584440629516560E-02      0.1974793123800417E-01
      0.1729323308270676E+02      0.2355853475698972E-02      0.8977184672773413E-02      0.1860982750962804E-01
      0.1739348370927318E+02      0.2193057175867357E-02      0.8385540099959780E-02      0.1748556544106211E-01
      0.1749373433583960E+02      0.2035829505564524E-02      0.7810087884579275E-02      0.1637762874347161E-01
      0.1759398496240601E+02      0.1884209065126408E-02      0.7251393099828252E-02      0.1528846506213708E-01
      0.1769423558897243E+02      0.1738233078280457E-02      0.6710004363714340E-02      0.1422048056913570E-01
      0.1779448621553885E+02      0.1597937383006885E-02      0.6186453300333037E-02      0.1317603464764253E-01
      0.1789473684210526E+02      0.1463356422740342E-02      0.5681254017832589E-02      0.1215743467960134E-01
      0.1799498746867167E+02      0.1334523237913697E-02      0.5194902603578285E-02      0.1116693094827307E-01
      0.1809523809523809E+02      0.1211469457846455E-02      0.4727876637012778E-02      0.1020671166692693E-01
      0.1819548872180451E+02      0.1094225292979750E-02      0.4280634720689963E-02      0.9278898144657342E-02
      0.1829573934837092E+02      0.9828195274592505E-03      0.3853616029944544E-02      0.8385540100003154E-02
      0.1839598997493734E+02      0.8772795120685128E-03      0.3447239881637411E-02      0.7528611132725844E-02
      0.1849624060150376E+02      0.7776311575142498E-03      0.3061905322401566E-02      0.6710004363747114E-02
      0.1859649122807017E+02      0.6838989280651939E-03      0.2697990736793001E-02      0.5931528252881974E-02
      0.1869674185463659E+02      0.5961058355458316E-03      0.2355853475730924E-02      0.5194902603602029E-02
      0.1879699248120301E+02      0.5142734336869609E-03      0.2035829505592080E-02      0.4501754763659285E-02
      0.1889724310776942E+02      0.4384218128339701E-03      0.1738233078303561E-02      0.3853616029961364E-02
      0.1899749373433584E+02      0.3685695950147014E-03      0.1463356422759232E-02      0.3251918265642696E-02
      0.1909774436090225E+02      0.3047339293676521E-03      0.1211469457861800E-02      0.2697990736803730E-02
      0.1919799498746867E+02      0.2469304879316173E-03      0.9828195274713546E-03      0.2193057175905377E-02
      0.1929824561403508E+02      0.1951734617980988E-03      0.7776311575234655E-03      0.1738233078309500E-02
      0.1939849624060150E+02      0.1494755576274430E-03      0.5961058355526187E-03      0.1334523237934773E-02
      0.1949874686716792E+02      0.1098479945291862E-03      0.4384218128387336E-03      0.9828195274738545E-03
      0.1959899749373433E+02      0.7630050130778813E-04      0.3047339293708826E-03      0.6838989280744871E-03
      0.1969924812030075E+02      0.4884131407403798E-04      0.1951734618000334E-03      0.4384218128393213E-03
      0.1979949874686717E+02      0.2747717422310453E-04      0.1098479945302459E-03      0.2469304879343404E-03
      0.1989974937343358E+02      0.1221332677945125E-04      0.4884131407450529E-04      0.1098479945302767E-03
      0.2000000000000000E+02      0.3053519109175395E-05      0.1221332677956913E-04      0.2747717422336992E-04
