                           x                ground state                 1st excited                 2nd excited
     -0.2000000000000000E+02      0.2056486476589459E-24      0.1556899823942389E-17      0.2885132600271216E-05
     -0.1989974937343358E+02      0.8382587381404857E-24      0.6290496838321268E-17      0.1154013212585822E-04
     -0.1979949874686717E+02      0.1949187029254120E-23      0.1439199810734676E-16      0.2596380380605232E-04
     -0.1969924812030075E+02      0.3631210803732679E-23      0.2618867840946118E-16      0.4615415653962053E-04
     -0.1959899749373434E+02      0.6021090642520116E-23      0.4215706772845226E-16      0.7210840316962545E-04
     -0.1949874686716792E+02      0.9314295240150930E-23      0.6294221110376198E-16      0.1038229608681922E-03
     -0.1939849624060150E+02      0.1377672952601619E-22      0.8938375119579829E-16      0.1412934516311370E-03
     -0.1929824561403509E+02      0.1977203766566612E-22      0.1225497875216392E-15      0.1845147028822369E-03
     -0.1919799498746867E+02      0.2780636103804273E-22      0.1637800875451922E-15      0.2334807481873568E-03
     -0.1909774436090225E+02      0.3850681328218735E-22      0.2147401871795299E-15      0.2881848280780480E-03
     -0.1899749373433584E+02      0.5277518988969518E-22      0.2774886269753007E-15      0.3486193909846229E-03
     -0.1889724310776942E+02      0.7176444006757747E-22      0.3545601846909297E-15      0.4147760942786226E-03
     -0.1879699248120301E+02      0.9702641008323989E-22      0.4490681802501810E-15      0.4866458054245621E-03
     -0.1869674185463659E+02      0.1306216610566003E-21      0.5648303397578084E-15      0.5642186032404472E-03
     -0.1859649122807017E+02      0.1753204575900632E-21      0.7065229251917180E-15      0.6474837792674109E-03
     -0.1849624060150376E+02      0.2347448847738958E-21      0.8798697137354883E-15      0.7364298392480302E-03
     -0.1839598997493734E+02      0.3137445399537663E-21      0.1091873068890605E-14      0.8310445047129650E-03
     -0.1829573934837093E+02      0.4187998110074939E-21      0.1351097068289585E-14      0.9313147146758807E-03
     -0.1819548872180451E+02      0.5585216592207925E-21      0.1668013197078560E-14      0.1037226627436504E-02
     -0.1809523809523809E+02      0.7442515005285784E-21      0.2055423308902224E-14      0.1148765622491429E-02
     -0.1799498746867168E+02      0.9911985843066874E-21      0.2528977298277749E-14      0.1265916302552370E-02
     -0.1789473684210526E+02      0.1319585638674664E-20      0.3107804487625641E-14      0.1388662495671432E-02
     -0.1779448621553885E+02      0.1756197896390052E-20      0.3815286846570383E-14      0.1516987257473944E-02
     -0.1769423558897243E+02      0.2336622461153508E-20      0.4680003609837890E-14      0.1650872873497203E-02
     -0.1759398496240602E+02      0.3108548442526901E-20      0.5736885489946612E-14      0.1790300861636224E-02
     -0.1749373433583960E+02      0.4134875586739664E-20      0.7028625788028694E-14      0.1935251974694428E-02
     -0.1739348370927318E+02      0.5499304066397961E-20      0.8607405010369366E-14      0.2085706203041457E-02
     -0.1729323308270677E+02      0.7313514937110690E-20      0.1053699886036496E-13      0.2241642777374508E-02
     -0.1719298245614035E+02      0.9725967050059095E-20      0.1289535418063955E-13      0.2403040171586281E-02
     -0.1709273182957394E+02      0.1293326566525877E-19      0.1577773831228391E-13      0.2569876105735710E-02
     -0.1699248120300752E+02      0.1719783706130460E-19      0.1930058660780308E-13      0.2742127549124196E-02
     -0.1689223057644110E+02      0.2286826033705431E-19      0.2360620613477604E-13      0.2919770723474519E-02
     -0.1679197994987469E+02      0.3040742248459568E-19      0.2886852519794380E-13      0.3102781106213370E-02
     -0.1669172932330827E+02      0.4043158144726446E-19      0.3530011779584823E-13      0.3291133433856530E-02
     -0.1659147869674186E+02      0.5376001141559214E-19      0.4316079151128299E-13      0.3484801705496723E-02
     -0.1649122807017544E+02      0.7148167442136054E-19      0.5276808241893459E-13      0.3683759186391944E-02
     -0.1639097744360902E+02      0.9504415783611948E-19      0.6451008304225403E-13      0.3887978411656968E-02
     -0.1629072681704261E+02      0.1263737886353999E-18      0.7886111702974705E-13      0.4097431190054346E-02
     -0.1619047619047619E+02      0.1680292112318460E-18      0.9640090226247601E-13      0.4312088607885911E-02
     -0.1609022556390978E+02      0.2234154931803018E-18      0.1178379685116785E-12      0.4531921032984595E-02
     -0.1598997493734336E+02      0.2970567216759437E-18      0.1440382769227608E-12      0.4756898118804270E-02
     -0.1588972431077694E+02      0.3949720779216462E-18      0.1760602040669816E-12      0.4986988808609569E-02
     -0.1578947368421053E+02      0.5251610125980525E-18      0.2151972919009893E-12      0.5222161339762491E-02
     -0.1568922305764411E+02      0.6982604236122452E-18      0.2630305055863012E-12      0.5462383248107849E-02
     -0.1558897243107769E+02      0.9284163982222746E-18      0.3214920924596312E-12      0.5707621372454131E-02
     -0.1548872180451128E+02      0.1234433968832881E-17      0.3929436419942035E-12      0.5957841859150637E-02
     -0.1538847117794486E+02      0.1641317643491190E-17      0.4802714758478296E-12      0.6213010166762354E-02
     -0.1528822055137845E+02      0.2182315692569050E-17      0.5870032519861102E-12      0.6473091070837093E-02
     -0.1518796992481203E+02      0.2901631736714434E-17      0.7174504560686326E-12      0.6738048668767781E-02
     -0.1508771929824561E+02      0.3858040525601908E-17      0.8768825746997162E-12      0.7007846384749774E-02
     -0.1498746867167920E+02      0.5129695266858545E-17      0.1071739954524061E-11      0.7282446974828402E-02
     -0.1488721804511278E+02      0.6820499785570536E-17      0.1309893968173514E-11      0.7561812532041731E-02
     -0.1478696741854637E+02      0.9068607138964964E-17      0.1600964971929384E-11      0.7845904491652476E-02
     -0.1468671679197995E+02      0.1205771909464002E-16      0.1956710937375959E-11      0.8134683636471858E-02
     -0.1458646616541353E+02      0.1603207293179792E-16      0.2391502421341650E-11      0.8428110102273206E-02
     -0.1448621553884712E+02      0.2131641180156738E-16      0.2922903056935835E-11      0.8726143383295505E-02
     -0.1438596491228070E+02      0.2834253440496977E-16      0.3572379060633247E-11      0.9028742337834206E-02
     -0.1428571428571429E+02      0.3768453802068692E-16      0.4366166372428179E-11      0.9335865193921201E-02
     -0.1418546365914787E+02      0.5010575964420871E-16      0.5336330458573994E-11      0.9647469555090568E-02
     -0.1408521303258145E+02      0.6662114458127115E-16      0.6522061630001261E-11      0.9963512406232099E-02
     -0.1398496240601504E+02      0.8858018933566799E-16      0.7971258128873943E-11      0.1028395011952804E-01
     -0.1388471177944862E+02      0.1177771737083279E-15      0.9742461048248367E-11      0.1060873846047665E-01
     -0.1378446115288220E+02      0.1565977622115041E-15      0.1190721909293431E-10      0.1093783259399853E-01
     -0.1368421052631579E+02      0.2082140361225297E-15      0.1455297882216110E-10      0.1127118709062499E-01
     -0.1358395989974937E+02      0.2768436125248137E-15      0.1778661714703326E-10      0.1160875593276948E-01
     -0.1348370927318296E+02      0.3680942099972126E-15      0.2173875865574002E-10      0.1195049252108130E-01
     -0.1338345864661654E+02      0.4894219531646044E-15      0.2656905223419728E-10      0.1229634968087704E-01
     -0.1328320802005013E+02      0.6507406216670009E-15      0.3247262022514111E-10      0.1264627966865265E-01
     -0.1318295739348371E+02      0.8652316487009701E-15      0.3968794045697396E-10      0.1300023417867495E-01
     -0.1308270676691729E+02      0.1150421165232505E-14      0.4850647970534371E-10      0.1335816434965000E-01
     -0.1298245614035088E+02      0.1529612118265504E-14      0.5928446766837892E-10      0.1372002077146782E-01
     -0.1288220551378446E+02      0.2033788599554300E-14      0.7245728701342572E-10      0.1408575349202179E-01
     -0.1278195488721805E+02      0.2704146914934540E-14      0.8855706093795506E-10      0.1445531202410691E-01
     -0.1268170426065163E+02      0.3595462268927608E-14      0.1082341485308894E-09      0.1482864535238787E-01
     -0.1258145363408521E+02      0.4780564828079506E-14      0.1322834164598043E-09      0.1520570194044037E-01
     -0.1248120300751880E+02      0.6356289780044502E-14      0.1616763479580785E-09      0.1558642973786732E-01
     -0.1238095238095238E+02      0.8451390153134684E-14      0.1976002864321453E-09      0.1597077618748296E-01
     -0.1228070175438597E+02      0.1123705805104781E-13      0.2415063989410998E-09      0.1635868823256839E-01
     -0.1218045112781955E+02      0.1494091167512462E-13      0.2951682966931433E-09      0.1675011232419578E-01
     -0.1208020050125313E+02      0.1986559446740987E-13      0.3607536811947721E-09      0.1714499442861967E-01
     -0.1197994987468672E+02      0.2641350506123061E-13      0.4409119096975498E-09      0.1754328003473779E-01
     -0.1187969924812030E+02      0.3511967666904895E-13      0.5388810174133443E-09      0.1794491416161401E-01
     -0.1177944862155389E+02      0.4669549417737600E-13      0.6586185195231959E-09      0.1834984136606951E-01
     -0.1167919799498747E+02      0.6208682432445092E-13      0.8049612775637420E-09      0.1875800575033556E-01
     -0.1157894736842105E+02      0.8255130000463658E-13      0.9838208867483692E-09      0.1916935096977058E-01
     -0.1147869674185464E+02      0.1097610843441626E-12      0.1202422478033482E-08      0.1958382024063765E-01
     -0.1137844611528822E+02      0.1459395014203253E-12      0.1469596581503880E-08      0.2000135634794301E-01
     -0.1127819548872180E+02      0.1940427082515423E-12      0.1796135840118306E-08      0.2042190165333511E-01
     -0.1117794486215539E+02      0.2580012430359809E-12      0.2195230984540401E-08      0.2084539810306017E-01
     -0.1107769423558897E+02      0.3430411884952801E-12      0.2683003680033506E-08      0.2127178723597674E-01
     -0.1097744360902256E+02      0.4561112018618881E-12      0.3279157769361641E-08      0.2170101019162587E-01
     -0.1087719298245614E+02      0.6064502913925445E-12      0.4007775220837851E-08      0.2213300771835699E-01
     -0.1077694235588972E+02      0.8063427386513332E-12      0.4898288932054522E-08      0.2256772018150567E-01
     -0.1067669172932331E+02      0.1072121855655723E-11      0.5986671688061545E-08      0.2300508757162741E-01
     -0.1057644110275689E+02      0.1425504587583185E-11      0.7316889301341168E-08      0.2344504951278122E-01
     -0.1047619047619048E+02      0.1895366016530459E-11      0.8942676635047585E-08      0.2388754527086323E-01
     -0.1037593984962406E+02      0.2520098757337486E-11      0.1092970825112701E-07      0.2433251376199160E-01
     -0.1027568922305765E+02      0.3350750029503954E-11      0.1335825137112278E-07      0.2477989356093906E-01
     -0.1017543859649123E+02      0.4455192772178718E-11      0.1632640831311773E-07      0.2522962290961127E-01
     -0.1007518796992481E+02      0.5923671559041747E-11      0.1995407938901043E-07      0.2568163972557239E-01
     -0.9974937343358397E+01      0.7876176520316949E-11      0.2438780634231613E-07      0.2613588161061589E-01
     -0.9874686716791981E+01      0.1047224782247184E-10      0.2980669198052307E-07      0.2659228585937792E-01
     -0.9774436090225564E+01      0.1392401175910993E-10      0.3642963513221564E-07      0.2705078946799324E-01
     -0.9674185463659148E+01      0.1851351369528311E-10      0.4452417318371979E-07      0.2751132914279186E-01
     -0.9573934837092732E+01      0.2461576412710034E-10      0.5441728939502773E-07      0.2797384130903878E-01
     -0.9473684210526317E+01      0.3272938101985998E-10      0.6650862156836148E-07      0.2843826211970627E-01
     -0.9373433583959901E+01      0.4351733208893224E-10      0.8128660563401863E-07      0.2890452746429131E-01
     -0.9273182957393484E+01      0.5786110621743434E-10      0.9934820628425443E-07      0.2937257297766372E-01
     -0.9172932330827068E+01      0.7693274041677524E-10      0.1214230316860123E-06      0.2984233404895108E-01
     -0.9072681704260653E+01      0.1022905874874404E-09      0.1484028064008589E-06      0.3031374583045885E-01
     -0.8972431077694235E+01      0.1360066498528324E-09      0.1813773930815633E-06      0.3078674324662227E-01
     -0.8872180451127820E+01      0.1808358839424048E-09      0.2216788180644311E-06      0.3126126100298898E-01
     -0.8771929824561404E+01      0.2404413089477218E-09      0.2709350792999393E-06      0.3173723359523261E-01
     -0.8671679197994989E+01      0.3196933141326030E-09      0.3311359102113376E-06      0.3221459531819511E-01
     -0.8571428571428573E+01      0.4250676206356115E-09      0.4047131560597068E-06      0.3269328027495823E-01
     -0.8471177944862156E+01      0.5651744160261747E-09      0.4946390096499646E-06      0.3317322238593887E-01
     -0.8370927318295740E+01      0.7514618969074541E-09      0.6045460746758411E-06      0.3365435539800991E-01
     -0.8270676691729324E+01      0.9991517070184647E-09      0.7388741067208127E-06      0.3413661289364989E-01
     -0.8170426065162907E+01      0.1328482705113935E-08      0.9030493595933292E-06      0.3461992830010794E-01
     -0.8070175438596491E+01      0.1766364692512294E-08      0.1103703781792613E-05      0.3510423489859447E-01
     -0.7969924812030076E+01      0.2348577226545368E-08      0.1348942917687052E-05      0.3558946583349224E-01
     -0.7869674185463660E+01      0.3122693185979827E-08      0.1648673335352873E-05      0.3607555412158480E-01
     -0.7769423558897245E+01      0.4151965974532713E-08      0.2015002807797256E-05      0.3656243266130443E-01
     -0.7669172932330827E+01      0.5520497988984633E-08      0.2462729413013956E-05      0.3705003424199223E-01
     -0.7568922305764412E+01      0.7340112668282165E-08      0.3009939310381805E-05      0.3753829155317780E-01
     -0.7468671679197996E+01      0.9759491641802743E-08      0.3678737340893954E-05      0.3802713719387196E-01
     -0.7368421052631579E+01      0.1297632358103191E-07      0.4496139964214077E-05      0.3851650368186832E-01
     -0.7268170426065163E+01      0.1725345744030116E-07      0.5495166603248379E-05      0.3900632346306133E-01
     -0.7167919799498748E+01      0.2294037997639236E-07      0.6716173481649565E-05      0.3949652892076926E-01
     -0.7067669172932332E+01      0.3050177248741279E-07      0.8208483835392859E-05      0.3998705238506727E-01
     -0.6967418546365916E+01      0.4055548015437302E-07      0.1003238035169073E-04      0.4047782614212985E-01
     -0.6867167919799499E+01      0.5392299648232592E-07      0.1226154032088090E-04      0.4096878244357473E-01
     -0.6766917293233083E+01      0.7169658794792983E-07      0.1498601187055213E-04      0.4145985351581100E-01
     -0.6666666666666668E+01      0.9532854363949433E-07      0.1831585150860546E-04      0.4195097156938984E-01
     -0.6566416040100250E+01      0.1267498425311368E-06      0.2238556991560789E-04      0.4244206880835125E-01
     -0.6466165413533835E+01      0.1685279347422563E-06      0.2735956557677891E-04      0.4293307743956978E-01
     -0.6365914786967419E+01      0.2240765291803203E-06      0.3343876574806863E-04      0.4342392968208138E-01
     -0.6265664160401004E+01      0.2979345294034428E-06      0.4086874302165124E-04      0.4391455777639561E-01
     -0.6165413533834588E+01      0.3961369097156117E-06      0.4994963536400692E-04      0.4440489399377429E-01
     -0.6065162907268171E+01      0.5267078359435804E-06      0.6104827035169644E-04      0.4489487064545357E-01
     -0.5964912280701755E+01      0.7003163240495381E-06      0.7461298336982224E-04      0.4538442009177174E-01
     -0.5864661654135340E+01      0.9311480107620235E-06      0.9119172836191522E-04      0.4587347475115527E-01
     -0.5764411027568922E+01      0.1238064269053678E-05      0.1114542127240689E-03      0.4636196710885484E-01
     -0.5664160401002507E+01      0.1646143380300547E-05      0.1362189504928742E-03      0.4684982972527919E-01
     -0.5563909774436091E+01      0.2188729693057959E-05      0.1664863266522442E-03      0.4733699524365986E-01
     -0.5463659147869675E+01      0.2910158206111338E-05      0.2034790082035924E-03      0.4782339639661139E-01
     -0.5363408521303260E+01      0.3869377202532538E-05      0.2486913344136872E-03      0.4830896601084821E-01
     -0.5263157894736842E+01      0.5144764941433575E-05      0.3039496813606464E-03      0.4879363700885157E-01
     -0.5162907268170427E+01      0.6840533980282950E-05      0.3714862391853728E-03      0.4927734240544860E-01
     -0.5062656641604011E+01      0.9095246425261260E-05      0.4540291822167705E-03      0.4976001529594381E-01
     -0.4962406015037594E+01      0.1209313588842017E-04      0.5549128742322759E-03      0.5024158883017574E-01
     -0.4862155388471178E+01      0.1607916126007591E-04      0.6782125602332208E-03      0.5072199616315218E-01
     -0.4761904761904763E+01      0.2137902231608950E-04      0.8289089848295209E-03      0.5120117036670679E-01
     -0.4661654135338347E+01      0.2842577257594644E-04      0.1013089585364412E-02      0.5167904427625589E-01
     -0.4561403508771932E+01      0.3779520380923003E-04      0.1238194383614027E-02      0.5215555022954025E-01
     -0.4461152882205514E+01      0.5025289314199272E-04      0.1513316501993814E-02      0.5263061962558192E-01
     -0.4360902255639099E+01      0.6681675627118087E-04      0.1849569429664347E-02      0.5310418218442457E-01
     -0.4260651629072683E+01      0.8884021643092370E-04      0.2260535845960524E-02      0.5357616470893747E-01
     -0.4160401002506266E+01      0.1181227813517901E-03      0.2762816074133053E-02      0.5404648901807914E-01
     -0.4060150375939850E+01      0.1570570557497048E-03      0.3376698204521435E-02      0.5451506850166565E-01
     -0.3959899749373434E+01      0.2088241847725033E-03      0.4126976723200571E-02      0.5498180238197795E-01
     -0.3859649122807017E+01      0.2776536607971087E-03      0.5043952243087857E-02      0.5544656616125964E-01
     -0.3759398496240603E+01      0.3691686404669394E-03      0.6164651770168444E-02      0.5590919572677453E-01
     -0.3659147869674186E+01      0.4908448079457312E-03      0.7534316877997224E-02      0.5636946091212352E-01
     -0.3558897243107772E+01      0.6526198833058703E-03      0.9208216034144378E-02      0.5682702153787261E-01
     -0.3458646616541355E+01      0.8677027128550438E-03      0.1125384648358730E-01      0.5728135435605208E-01
     -0.3358395989974937E+01      0.1153646153076541E-02      0.1375359891185077E-01      0.5773163172254110E-01
     -0.3258145363408524E+01      0.1533767252936093E-02      0.1680796088343958E-01      0.5817652030723926E-01
     -0.3157894736842106E+01      0.2039021674328960E-02      0.2053932487454329E-01      0.5861384767897657E-01
     -0.3057644110275689E+01      0.2710465633601742E-02      0.2509642730297211E-01      0.5904005146603258E-01
     -0.2957393483709275E+01      0.3602463282854542E-02      0.3065934364285227E-01      0.5944927313663315E-01
     -0.2857142857142858E+01      0.4786808045747166E-02      0.3744473789127821E-01      0.5983187742887348E-01
     -0.2756892230576440E+01      0.6357894155935855E-02      0.4571059332422422E-01      0.6017206107775599E-01
     -0.2656641604010026E+01      0.8438937946050985E-02      0.5575872733011251E-01      0.6044406429705031E-01
     -0.2556390977443609E+01      0.1118888772742171E-01      0.6793169571525969E-01      0.6060636153548499E-01
     -0.2456140350877195E+01      0.1480887602052202E-01      0.8259786566208120E-01      0.6059324638054597E-01
     -0.2355889724310778E+01      0.1954561620956478E-01      0.1001145238768697E+00      0.6030385132122590E-01
     -0.2255639097744361E+01      0.2568701491623076E-01      0.1207555992480700E+00      0.5959063643113418E-01
     -0.2155388471177947E+01      0.3354344144997541E-01      0.1445935246218583E+00      0.5825355815267583E-01
     -0.2055137844611529E+01      0.4340952788395015E-01      0.1713437630661665E+00      0.5605160396681107E-01
     -0.1954887218045116E+01      0.5550989680555683E-01      0.2002194012399967E+00      0.5274454269011464E-01
     -0.1854636591478698E+01      0.6994604321235789E-01      0.2298773209758692E+00      0.4816576091555927E-01
     -0.1754385964912281E+01      0.8666785070739670E-01      0.2585173594527159E+00      0.4230344302466751E-01
     -0.1654135338345867E+01      0.1054807419803166E+00      0.2841151709497110E+00      0.3535346182046303E-01
     -0.1553884711779450E+01      0.1260786866584192E+00      0.3047011754462565E+00      0.2772037132718581E-01
     -0.1453634085213032E+01      0.1480842293047473E+00      0.3186008753709525E+00      0.1996941163956104E-01
     -0.1353383458646618E+01      0.1710822720964504E+00      0.3245989296150511E+00      0.1274881368453979E-01
     -0.1253132832080201E+01      0.1946436200125458E+00      0.3220284011927388E+00      0.6702825860238026E-02
     -0.1152882205513784E+01      0.2183398216751683E+00      0.3108009589026550E+00      0.2390195280754008E-02
     -0.1052631578947370E+01      0.2417523219197093E+00      0.2913931567378125E+00      0.2172219119260579E-03
     -0.9523809523809526E+00      0.2644784770861558E+00      0.2647993423470389E+00      0.3907513071340980E-03
     -0.8521303258145387E+00      0.2861360762219338E+00      0.2324582056404791E+00      0.2894003081469844E-02
     -0.7518796992481214E+00      0.3063672546169419E+00      0.1961583350109848E+00      0.7486160436374039E-02
     -0.6516290726817040E+00      0.3248421914311162E+00      0.1579278633091506E+00      0.1372477667032908E-01
     -0.5513784461152902E+00      0.3412627010309589E+00      0.1199136632789927E+00      0.2100822936715666E-01
     -0.4511278195488728E+00      0.3553656847222684E+00      0.8425608311339118E-01      0.2863378647131949E-01
     -0.3508771929824590E+00      0.3669263484316675E+00      0.5296559018300648E-01      0.3586551001971621E-01
     -0.2506265664160416E+00      0.3757610752088384E+00      0.2780775526129277E-01      0.4200536938783314E-01
     -0.1503759398496243E+00      0.3817298470718121E+00      0.1020269720949329E-01      0.4646067521455420E-01
     -0.5012531328321046E-01      0.3847381264049381E+00      0.1144416918137522E-02      0.4880132243424232E-01
      0.5012531328320691E-01      0.3847381264049297E+00      0.1144416918142927E-02      0.4880132243425254E-01
      0.1503759398496243E+00      0.3817298470717850E+00      0.1020269720950918E-01      0.4646067521458489E-01
      0.2506265664160381E+00      0.3757610752087962E+00      0.2780775526131834E-01      0.4200536938788080E-01
      0.3508771929824555E+00      0.3669263484316134E+00      0.5296559018304162E-01      0.3586551001977669E-01
      0.4511278195488728E+00      0.3553656847221984E+00      0.8425608311343427E-01      0.2863378647138586E-01
      0.5513784461152866E+00      0.3412627010308787E+00      0.1199136632790414E+00      0.2100822936722239E-01
      0.6516290726817040E+00      0.3248421914310274E+00      0.1579278633092048E+00      0.1372477667038858E-01
      0.7518796992481178E+00      0.3063672546168502E+00      0.1961583350110458E+00      0.7486160436421855E-02
      0.8521303258145352E+00      0.2861360762218371E+00      0.2324582056405424E+00      0.2894003081501304E-02
      0.9523809523809526E+00      0.2644784770860614E+00      0.2647993423471032E+00      0.3907513071459774E-03
      0.1052631578947366E+01      0.2417523219196166E+00      0.2913931567378799E+00      0.2172219119171330E-03
      0.1152882205513784E+01      0.2183398216750816E+00      0.3108009589027256E+00      0.2390195280724578E-02
      0.1253132832080198E+01      0.1946436200124684E+00      0.3220284011928111E+00      0.6702825860190374E-02
      0.1353383458646615E+01      0.1710822720963789E+00      0.3245989296151219E+00      0.1274881368447807E-01
      0.1453634085213032E+01      0.1480842293046849E+00      0.3186008753710187E+00      0.1996941163949042E-01
      0.1553884711779446E+01      0.1260786866583659E+00      0.3047011754463203E+00      0.2772037132711292E-01
      0.1654135338345863E+01      0.1054807419802718E+00      0.2841151709497709E+00      0.3535346182039342E-01
      0.1754385964912281E+01      0.8666785070736041E-01      0.2585173594527697E+00      0.4230344302460727E-01
      0.1854636591478695E+01      0.6994604321232842E-01      0.2298773209759155E+00      0.4816576091551372E-01
      0.1954887218045112E+01      0.5550989680553383E-01      0.2002194012400372E+00      0.5274454269008758E-01
      0.2055137844611529E+01      0.4340952788393272E-01      0.1713437630662020E+00      0.5605160396680445E-01
      0.2155388471177943E+01      0.3354344144996253E-01      0.1445935246218894E+00      0.5825355815269085E-01
      0.2255639097744361E+01      0.2568701491622163E-01      0.1207555992480952E+00      0.5959063643117059E-01
      0.2355889724310774E+01      0.1954561620955855E-01      0.1001145238768907E+00      0.6030385132128598E-01
      0.2456140350877192E+01      0.1480887602051790E-01      0.8259786566209845E-01      0.6059324638062807E-01
      0.2556390977443609E+01      0.1118888772741927E-01      0.6793169571527348E-01      0.6060636153558913E-01
      0.2656641604010023E+01      0.8438937946049959E-02      0.5575872733012261E-01      0.6044406429717695E-01
      0.2756892230576440E+01      0.6357894155935548E-02      0.4571059332423230E-01      0.6017206107790469E-01
      0.2857142857142854E+01      0.4786808045747124E-02      0.3744473789128360E-01      0.5983187742904472E-01
      0.2957393483709271E+01      0.3602463282854912E-02      0.3065934364285564E-01      0.5944927313682546E-01
      0.3057644110275689E+01      0.2710465633602146E-02      0.2509642730297346E-01      0.5904005146624664E-01
      0.3157894736842103E+01      0.2039021674329426E-02      0.2053932487454287E-01      0.5861384767921252E-01
      0.3258145363408520E+01      0.1533767252936565E-02      0.1680796088343771E-01      0.5817652030749591E-01
      0.3358395989974937E+01      0.1153646153076871E-02      0.1375359891184755E-01      0.5773163172281814E-01
      0.3458646616541351E+01      0.8677027128552609E-03      0.1125384648358340E-01      0.5728135435635035E-01
      0.3558897243107769E+01      0.6526198833060137E-03      0.9208216034139616E-02      0.5682702153819101E-01
      0.3659147869674186E+01      0.4908448079457934E-03      0.7534316877992104E-02      0.5636946091246257E-01
      0.3759398496240600E+01      0.3691686404669476E-03      0.6164651770163094E-02      0.5590919572713317E-01
      0.3859649122807017E+01      0.2776536607971678E-03      0.5043952243082700E-02      0.5544656616163647E-01
      0.3959899749373431E+01      0.2088241847726055E-03      0.4126976723195752E-02      0.5498180238237308E-01
      0.4060150375939848E+01      0.1570570557497875E-03      0.3376698204517113E-02      0.5451506850207856E-01
      0.4160401002506266E+01      0.1181227813518884E-03      0.2762816074129101E-02      0.5404648901850834E-01
      0.4260651629072679E+01      0.8884021643106083E-04      0.2260535845956986E-02      0.5357616470938191E-01
      0.4360902255639097E+01      0.6681675627134728E-04      0.1849569429661248E-02      0.5310418218488413E-01
      0.4461152882205511E+01      0.5025289314216533E-04      0.1513316501991217E-02      0.5263061962605606E-01
      0.4561403508771928E+01      0.3779520380940371E-04      0.1238194383611670E-02      0.5215555023002757E-01
      0.4661654135338345E+01      0.2842577257611318E-04      0.1013089585362310E-02      0.5167904427675592E-01
      0.4761904761904759E+01      0.2137902231627574E-04      0.8289089848277576E-03      0.5120117036721971E-01
      0.4862155388471177E+01      0.1607916126025927E-04      0.6782125602316544E-03      0.5072199616367727E-01
      0.4962406015037594E+01      0.1209313588858491E-04      0.5549128742309365E-03      0.5024158883071359E-01
      0.5062656641604008E+01      0.9095246425404102E-05      0.4540291822155966E-03      0.4976001529649464E-01
      0.5162907268170425E+01      0.6840533980419100E-05      0.3714862391844427E-03      0.4927734240601232E-01
      0.5263157894736842E+01      0.5144764941553354E-05      0.3039496813599440E-03      0.4879363700942888E-01
      0.5363408521303256E+01      0.3869377202630736E-05      0.2486913344132143E-03      0.4830896601143886E-01
      0.5463659147869674E+01      0.2910158206190788E-05      0.2034790082033293E-03      0.4782339639721522E-01
      0.5563909774436087E+01      0.2188729693127417E-05      0.1664863266521485E-03      0.4733699524427762E-01
      0.5664160401002505E+01      0.1646143380353787E-05      0.1362189504928918E-03      0.4684982972591047E-01
      0.5764411027568922E+01      0.1238064269093901E-05      0.1114542127241838E-03      0.4636196710949926E-01
      0.5864661654135336E+01      0.9311480107904085E-06      0.9119172836207451E-04      0.4587347475181137E-01
      0.5964912280701753E+01      0.7003163240704565E-06      0.7461298337000370E-04      0.4538442009243960E-01
      0.6065162907268167E+01      0.5267078359612085E-06      0.6104827035189001E-04      0.4489487064613222E-01
      0.6165413533834585E+01      0.3961369097274138E-06      0.4994963536418936E-04      0.4440489399446271E-01
      0.6265664160401002E+01      0.2979345294111132E-06      0.4086874302182532E-04      0.4391455777709258E-01
      0.6365914786967416E+01      0.2240765291862350E-06      0.3343876574822931E-04      0.4342392968278636E-01
      0.6466165413533833E+01      0.1685279347477226E-06      0.2735956557692813E-04      0.4293307744028280E-01
      0.6566416040100250E+01      0.1267498425345616E-06      0.2238556991572699E-04      0.4244206880907165E-01
      0.6666666666666664E+01      0.9532854364154110E-07      0.1831585150871734E-04      0.4195097157011577E-01
      0.6766917293233082E+01      0.7169658794994116E-07      0.1498601187065122E-04      0.4145985351654320E-01
      0.6867167919799499E+01      0.5392299648495837E-07      0.1226154032095812E-04      0.4096878244431218E-01
      0.6967418546365913E+01      0.4055548015730473E-07      0.1003238035175117E-04      0.4047782614287217E-01
      0.7067669172932330E+01      0.3050177249034674E-07      0.8208483835431587E-05      0.3998705238581345E-01
      0.7167919799498744E+01      0.2294037997955657E-07      0.6716173481676449E-05      0.3949652892151854E-01
      0.7268170426065161E+01      0.1725345744366304E-07      0.5495166603252952E-05      0.3900632346381401E-01
      0.7368421052631579E+01      0.1297632358434311E-07      0.4496139964201907E-05      0.3851650368262406E-01
      0.7468671679197993E+01      0.9759491644766424E-08      0.3678737340867615E-05      0.3802713719463077E-01
      0.7568922305764410E+01      0.7340112671137602E-08      0.3009939310349211E-05      0.3753829155393917E-01
      0.7669172932330824E+01      0.5520497991874746E-08      0.2462729412978639E-05      0.3705003424275564E-01
      0.7769423558897241E+01      0.4151965977226321E-08      0.2015002807757863E-05      0.3656243266206996E-01
      0.7869674185463658E+01      0.3122693188208891E-08      0.1648673335316518E-05      0.3607555412235176E-01
      0.7969924812030072E+01      0.2348577228607089E-08      0.1348942917658362E-05      0.3558946583425931E-01
      0.8070175438596490E+01      0.1766364694261870E-08      0.1103703781773534E-05      0.3510423489936219E-01
      0.8170426065162907E+01      0.1328482706541529E-08      0.9030493595807753E-06      0.3461992830087674E-01
      0.8270676691729321E+01      0.9991517081349676E-09      0.7388741067169938E-06      0.3413661289442031E-01
      0.8370927318295738E+01      0.7514618977985528E-09      0.6045460746804185E-06      0.3365435539878171E-01
      0.8471177944862156E+01      0.5651744167193603E-09      0.4946390096629490E-06      0.3317322238671191E-01
      0.8571428571428569E+01      0.4250676211958824E-09      0.4047131560780792E-06      0.3269328027573317E-01
      0.8671679197994987E+01      0.3196933145604676E-09      0.3311359102344126E-06      0.3221459531897169E-01
      0.8771929824561401E+01      0.2404413092343697E-09      0.2709350793266438E-06      0.3173723359600995E-01
      0.8872180451127818E+01      0.1808358841134323E-09      0.2216788180954541E-06      0.3126126100376692E-01
      0.8972431077694235E+01      0.1360066499665406E-09      0.1813773931154164E-06      0.3078674324740112E-01
      0.9072681704260649E+01      0.1022905875228457E-09      0.1484028064375244E-06      0.3031374583123840E-01
      0.9172932330827066E+01      0.7693274037742534E-10      0.1214230317236532E-06      0.2984233404973062E-01
      0.9273182957393480E+01      0.5786110612722799E-10      0.9934820632251316E-07      0.2937257297844325E-01
      0.9373433583959898E+01      0.4351733195498416E-10      0.8128660567225653E-07      0.2890452746507038E-01
      0.9473684210526315E+01      0.3272938087359989E-10      0.6650862160472878E-07      0.2843826212048394E-01
      0.9573934837092729E+01      0.2461576398506414E-10      0.5441728942857621E-07      0.2797384130981492E-01
      0.9674185463659146E+01      0.1851351354724699E-10      0.4452417321398403E-07      0.2751132914356585E-01
      0.9774436090225564E+01      0.1392401163148825E-10      0.3642963515939733E-07      0.2705078946876394E-01
      0.9874686716791977E+01      0.1047224771954989E-10      0.2980669200407620E-07      0.2659228586014472E-01
      0.9974937343358395E+01      0.7876176437094634E-11      0.2438780636227218E-07      0.2613588161137845E-01
      0.1007518796992481E+02      0.5923671487758233E-11      0.1995407940577071E-07      0.2568163972632984E-01
      0.1017543859649123E+02      0.4455192716169087E-11      0.1632640832645579E-07      0.2522962291036278E-01
      0.1027568922305764E+02      0.3350749987473496E-11      0.1335825138122883E-07      0.2477989356168417E-01
      0.1037593984962406E+02      0.2520098721755483E-11      0.1092970825855663E-07      0.2433251376272988E-01
      0.1047619047619047E+02      0.1895365989702606E-11      0.8942676639974508E-08      0.2388754527159372E-01
      0.1057644110275689E+02      0.1425504567443037E-11      0.7316889304378647E-08      0.2344504951350346E-01
      0.1067669172932331E+02      0.1072121839131041E-11      0.5986671689661488E-08      0.2300508757234093E-01
      0.1077694235588972E+02      0.8063427283866976E-12      0.4898288932631029E-08      0.2256772018220971E-01
      0.1087719298245614E+02      0.6064502858422847E-12      0.4007775220762559E-08      0.2213300771905151E-01
      0.1097744360902255E+02      0.4561111993942818E-12      0.3279157768925220E-08      0.2170101019231020E-01
      0.1107769423558897E+02      0.3430411882659418E-12      0.2683003679347889E-08      0.2127178723664995E-01
      0.1117794486215539E+02      0.2580012455910790E-12      0.2195230983921555E-08      0.2084539810372203E-01
      0.1127819548872180E+02      0.1940427126003610E-12      0.1796135839504918E-08      0.2042190165398539E-01
      0.1137844611528822E+02      0.1459395050045117E-12      0.1469596581031693E-08      0.2000135634858067E-01
      0.1147869674185463E+02      0.1097610866063406E-12      0.1202422477749964E-08      0.1958382024126230E-01
      0.1157894736842105E+02      0.8255130194702060E-13      0.9838208865999151E-09      0.1916935097038165E-01
      0.1167919799498747E+02      0.6208682523594715E-13      0.8049612777302823E-09      0.1875800575093272E-01
      0.1177944862155388E+02      0.4669549431339026E-13      0.6586185198312431E-09      0.1834984136665195E-01
      0.1187969924812030E+02      0.3511967531004843E-13      0.5388810178403415E-09      0.1794491416218198E-01
      0.1197994987468671E+02      0.2641350332305242E-13      0.4409119102871332E-09      0.1754328003529105E-01
      0.1208020050125313E+02      0.1986559226782241E-13      0.3607536818598341E-09      0.1714499442915852E-01
      0.1218045112781954E+02      0.1494090916691000E-13      0.2951682974152401E-09      0.1675011232471998E-01
      0.1228070175438597E+02      0.1123705564760513E-13      0.2415063996589594E-09      0.1635868823307807E-01
      0.1238095238095238E+02      0.8451387748451680E-14      0.1976002871643500E-09      0.1597077618797779E-01
      0.1248120300751879E+02      0.6356287585158993E-14      0.1616763486459136E-09      0.1558642973834696E-01
      0.1258145363408521E+02      0.4780562958179659E-14      0.1322834171210400E-09      0.1520570194090496E-01
      0.1268170426065163E+02      0.3595460708557356E-14      0.1082341491460414E-09      0.1482864535283757E-01
      0.1278195488721804E+02      0.2704145580788807E-14      0.8855706146920156E-10      0.1445531202454203E-01
      0.1288220551378446E+02      0.2033787523809009E-14      0.7245728747190856E-10      0.1408575349244234E-01
      0.1298245614035088E+02      0.1529611373705137E-14      0.5928446805655326E-10      0.1372002077187433E-01
      0.1308270676691729E+02      0.1150420534034323E-14      0.4850648001302696E-10      0.1335816435004356E-01
      0.1318295739348370E+02      0.8652312264947877E-15      0.3968794066881354E-10      0.1300023417905525E-01
      0.1328320802005013E+02      0.6507403541378474E-15      0.3247262036263142E-10      0.1264627966901988E-01
      0.1338345864661654E+02      0.4894217528509981E-15      0.2656905230882326E-10      0.1229634968123209E-01
      0.1348370927318295E+02      0.3680940915911083E-15      0.2173875868293447E-10      0.1195049252142426E-01
      0.1358395989974937E+02      0.2768435014476893E-15      0.1778661713133480E-10      0.1160875593310049E-01
      0.1368421052631579E+02      0.2082139653985113E-15      0.1455297876073802E-10      0.1127118709094389E-01
      0.1378446115288220E+02      0.1565976808421679E-15      0.1190721900213023E-10      0.1093783259430579E-01
      0.1388471177944862E+02      0.1177770702343080E-15      0.9742460948681148E-11      0.1060873846077240E-01
      0.1398496240601504E+02      0.8858006571715228E-16      0.7971258022436877E-11      0.1028395011981194E-01
      0.1408521303258145E+02      0.6662102338380394E-16      0.6522061516442275E-11      0.9963512406504338E-02
      0.1418546365914787E+02      0.5010562547728867E-16      0.5336330359300246E-11      0.9647469555350828E-02
      0.1428571428571428E+02      0.3768440202550354E-16      0.4366166287045661E-11      0.9335865194169693E-02
      0.1438596491228070E+02      0.2834239581574919E-16      0.3572378992099656E-11      0.9028742338071206E-02
      0.1448621553884712E+02      0.2131627660640358E-16      0.2922903001331353E-11      0.8726143383521009E-02
      0.1458646616541353E+02      0.1603193746733669E-16      0.2391502382003145E-11      0.8428110102487037E-02
      0.1468671679197995E+02      0.1205759451829122E-16      0.1956710913306246E-11      0.8134683636674168E-02
      0.1478696741854636E+02      0.9068492054029935E-17      0.1600964957942467E-11      0.7845904491843853E-02
      0.1488721804511278E+02      0.6820386609589270E-17      0.1309893963599503E-11      0.7561812532222659E-02
      0.1498746867167920E+02      0.5129588101416409E-17      0.1071739958686299E-11      0.7282446974998994E-02
      0.1508771929824561E+02      0.3857947043063134E-17      0.8768825828718307E-12      0.7007846384910277E-02
      0.1518796992481203E+02      0.2901546446966649E-17      0.7174504649722732E-12      0.6738048668918964E-02
      0.1528822055137844E+02      0.2182238793576894E-17      0.5870032585907070E-12      0.6473091070979213E-02
      0.1538847117794486E+02      0.1641247760966998E-17      0.4802714811124494E-12      0.6213010166895869E-02
      0.1548872180451128E+02      0.1234370077070488E-17      0.3929436440793396E-12      0.5957841859275745E-02
      0.1558897243107769E+02      0.9283589706620243E-18      0.3214920922566472E-12      0.5707621372571239E-02
      0.1568922305764411E+02      0.6982078310634177E-18      0.2630305001981343E-12      0.5462383248217227E-02
      0.1578947368421053E+02      0.5251126765587941E-18      0.2151972830981134E-12      0.5222161339864306E-02
      0.1588972431077694E+02      0.3949299419940043E-18      0.1760601927598148E-12      0.4986988808703996E-02
      0.1598997493734336E+02      0.2970210493993566E-18      0.1440382636365902E-12      0.4756898118891641E-02
      0.1609022556390977E+02      0.2233858278272653E-18      0.1178379532536301E-12      0.4531921033065263E-02
      0.1619047619047619E+02      0.1680056032255525E-18      0.9640088569191757E-13      0.4312088607960299E-02
      0.1629072681704260E+02      0.1263567314643600E-18      0.7886109982041457E-13      0.4097431190122621E-02
      0.1639097744360902E+02      0.9503336579163655E-19      0.6451006738197189E-13      0.3887978411719580E-02
      0.1649122807017544E+02      0.7147581950121728E-19      0.5276806825647402E-13      0.3683759186449287E-02
      0.1659147869674185E+02      0.5375744750969169E-19      0.4316077743362773E-13      0.3484801705549089E-02
      0.1669172932330827E+02      0.4043107992202138E-19      0.3530010448975404E-13      0.3291133433904490E-02
      0.1679197994987469E+02      0.3040795981810091E-19      0.2886851298119656E-13      0.3102781106257160E-02
      0.1689223057644110E+02      0.2286962726371315E-19      0.2360619537774919E-13      0.2919770723514530E-02
      0.1699248120300751E+02      0.1719965237562203E-19      0.1930057670589845E-13      0.2742127549161044E-02
      0.1709273182957394E+02      0.1293486166335105E-19      0.1577772948712455E-13      0.2569876105769623E-02
      0.1719298245614035E+02      0.9727475515892048E-20      0.1289534661487923E-13      0.2403040171617554E-02
      0.1729323308270676E+02      0.7315168574851635E-20      0.1053699276447878E-13      0.2241642777403326E-02
      0.1739348370927318E+02      0.5500773996826576E-20      0.8607400400317722E-14      0.2085706203067856E-02
      0.1749373433583960E+02      0.4136010220608186E-20      0.7028622299533526E-14      0.1935251974718740E-02
      0.1759398496240601E+02      0.3109531233708188E-20      0.5736883080932679E-14      0.1790300861658461E-02
      0.1769423558897243E+02      0.2337596091346587E-20      0.4680002246907814E-14      0.1650872873517516E-02
      0.1779448621553885E+02      0.1756984854904996E-20      0.3815286327101250E-14      0.1516987257492260E-02
      0.1789473684210526E+02      0.1320346940222373E-20      0.3107804469382277E-14      0.1388662495687944E-02
      0.1799498746867167E+02      0.9919604347815267E-21      0.2528977517238875E-14      0.1265916302567189E-02
      0.1809523809523809E+02      0.7449689902692932E-21      0.2055423779424500E-14      0.1148765622504679E-02
      0.1819548872180451E+02      0.5591983422803928E-21      0.1668013656565206E-14      0.1037226627448149E-02
      0.1829573934837092E+02      0.4194152016117462E-21      0.1351097613572128E-14      0.9313147146860116E-03
      0.1839598997493734E+02      0.3142456495811697E-21      0.1091873515575397E-14      0.8310445047217855E-03
      0.1849624060150376E+02      0.2351316905452699E-21      0.8798700678169583E-15      0.7364298392556491E-03
      0.1859649122807017E+02      0.1756633026948910E-21      0.7065232755755447E-15      0.6474837792738448E-03
      0.1869674185463659E+02      0.1308877259130105E-21      0.5648306600301054E-15      0.5642186032457889E-03
      0.1879699248120301E+02      0.9718140257214856E-22      0.4490684029707596E-15      0.4866458054290123E-03
      0.1889724310776942E+02      0.7185988562326053E-22      0.3545603519895293E-15      0.4147760942822315E-03
      0.1899749373433584E+02      0.5283570434714623E-22      0.2774887877525176E-15      0.3486193909875247E-03
      0.1909774436090225E+02      0.3854920946783255E-22      0.2147403399156300E-15      0.2881848280803219E-03
      0.1919799498746867E+02      0.2781586605115473E-22      0.1637802352301092E-15      0.2334807481891377E-03
      0.1929824561403508E+02      0.1977386914393086E-22      0.1225498921443410E-15      0.1845147028835964E-03
      0.1939849624060150E+02      0.1377205109794897E-22      0.8938383185222068E-16      0.1412934516321459E-03
      0.1949874686716792E+02      0.9318080966410038E-23      0.6294227455812547E-16      0.1038229608689393E-03
      0.1959899749373433E+02      0.6026288183603806E-23      0.4215711087674929E-16      0.7210840317012520E-04
      0.1969924812030075E+02      0.3633139430500361E-23      0.2618869752419197E-16      0.4615415653994951E-04
      0.1979949874686717E+02      0.1949651410575247E-23      0.1439200772138665E-16      0.2596380380623755E-04
      0.1989974937343358E+02      0.8400996620835890E-24      0.6290499655542882E-17      0.1154013212594027E-04
      0.2000000000000000E+02      0.2065301361909712E-24      0.1556903493053085E-17      0.2885132600292121E-05
