                      Radius                ground state               first excited              second excited
      0.2000000000000000E+01     -0.4191806173494116E+02     -0.2077617149584274E+02      0.7117798288066787E-01
      0.2020050125313283E+01     -0.4204141651915052E+02     -0.2115151134424548E+02     -0.3833962789020146E-01
      0.2040100250626566E+01     -0.4216206081837061E+02     -0.2152125658272653E+02     -0.1722605154387071E+00
      0.2060150375939850E+01     -0.4228006982461829E+02     -0.2188544420341880E+02     -0.3320033736385343E+00
      0.2080200501253133E+01     -0.4239551631687486E+02     -0.2224411617105146E+02     -0.5175111164183207E+00
      0.2100250626566416E+01     -0.4250847074308118E+02     -0.2259731887608849E+02     -0.7275298298748605E+00
      0.2120300751879699E+01     -0.4261900129970509E+02     -0.2294510263312887E+02     -0.9600885053728339E+00
      0.2140350877192982E+01     -0.4272717400874406E+02     -0.2328752122101110E+02     -0.1212929317500564E+01
      0.2160401002506266E+01     -0.4283305279235734E+02     -0.2362463146150195E+02     -0.1483785833623139E+01
      0.2180451127819549E+01     -0.4293669954497433E+02     -0.2395649283340059E+02     -0.1770523803563950E+01
      0.2200501253132832E+01     -0.4303817420312609E+02     -0.2428316711944692E+02     -0.2071194921174838E+01
      0.2220551378446115E+01     -0.4313753481286488E+02     -0.2460471808339351E+02     -0.2384045709902596E+01
      0.2240601503759398E+01     -0.4323483759497930E+02     -0.2492121117488528E+02     -0.2707506821156416E+01
      0.2260651629072682E+01     -0.4333013700796135E+02     -0.2523271325999037E+02     -0.3040175529004475E+01
      0.2280701754385965E+01     -0.4342348580875911E+02     -0.2553929237530673E+02     -0.3380797156450503E+01
      0.2300751879699248E+01     -0.4351493511153122E+02     -0.2584101750387573E+02     -0.3728247705457313E+01
      0.2320802005012531E+01     -0.4360453444424282E+02     -0.2613795837111094E+02     -0.4081518405409924E+01
      0.2340852130325815E+01     -0.4369233180334611E+02     -0.2643018525912150E+02     -0.4439702248541832E+01
      0.2360902255639098E+01     -0.4377837370642992E+02     -0.2671776883807802E+02     -0.4801982343338652E+01
      0.2380952380952381E+01     -0.4386270524314554E+02     -0.2700078001314969E+02     -0.5167621850771864E+01
      0.2401002506265664E+01     -0.4394537012421981E+02     -0.2727928978585962E+02     -0.5535955271098654E+01
      0.2421052631578947E+01     -0.4402641072868093E+02     -0.2755336912862375E+02     -0.5906380874366164E+01
      0.2441102756892231E+01     -0.4410586814946506E+02     -0.2782308887144746E+02     -0.6278354098522852E+01
      0.2461152882205514E+01     -0.4418378223737041E+02     -0.2808851959983551E+02     -0.6651381767982676E+01
      0.2481203007518797E+01     -0.4426019164336547E+02     -0.2834973156290988E+02     -0.7025017010338736E+01
      0.2501253132832080E+01     -0.4433513385941529E+02     -0.2860679459102605E+02     -0.7398854769872925E+01
      0.2521303258145363E+01     -0.4440864525784497E+02     -0.2885977802200804E+02     -0.7772527833400396E+01
      0.2541353383458647E+01     -0.4448076112919510E+02     -0.2910875063532665E+02     -0.8145703298236649E+01
      0.2561403508771930E+01     -0.4455151571881903E+02     -0.2935378059364921E+02     -0.8518079423006355E+01
      0.2581453634085213E+01     -0.4462094226201381E+02     -0.2959493539097070E+02     -0.8889382811806179E+01
      0.2601503759398496E+01     -0.4468907301802748E+02     -0.2983228180697080E+02     -0.9259365889445199E+01
      0.2621553884711779E+01     -0.4475593930267134E+02     -0.3006588586694849E+02     -0.9627804632017353E+01
      0.2641604010025063E+01     -0.4482157151989840E+02     -0.3029581280692083E+02     -0.9994496522171270E+01
      0.2661654135338346E+01     -0.4488599919213097E+02     -0.3052212704341618E+02     -0.1035925870285597E+02
      0.2681704260651629E+01     -0.4494925098951351E+02     -0.3074489214756778E+02     -0.1072192630683534E+02
      0.2701754385964912E+01     -0.4501135475813826E+02     -0.3096417082318085E+02     -0.1108235094237756E+02
      0.2721804511278195E+01     -0.4507233754720534E+02     -0.3118002488839081E+02     -0.1144039931817594E+02
      0.2741854636591479E+01     -0.4513222563522632E+02     -0.3139251526050771E+02     -0.1179595199256443E+02
      0.2761904761904762E+01     -0.4519104455528583E+02     -0.3160170194399669E+02     -0.1214890223406441E+02
      0.2781954887218045E+01     -0.4524881911934561E+02     -0.3180764402106927E+02     -0.1249915498192492E+02
      0.2802005012531328E+01     -0.4530557344177840E+02     -0.3201039964479421E+02     -0.1284662589654661E+02
      0.2822055137844611E+01     -0.4536133096190896E+02     -0.3221002603443569E+02     -0.1319124049095877E+02
      0.2842105263157895E+01     -0.4541611446587204E+02     -0.3240657947289010E+02     -0.1353293333552796E+02
      0.2862155388471178E+01     -0.4546994610763713E+02     -0.3260011530584775E+02     -0.1387164732891225E+02
      0.2882205513784461E+01     -0.4552284742930057E+02     -0.3279068794278386E+02     -0.1420733302904526E+02
      0.2902255639097744E+01     -0.4557483938056502E+02     -0.3297835085929432E+02     -0.1453994803862024E+02
      0.2922305764411028E+01     -0.4562594233773624E+02     -0.3316315660097569E+02     -0.1486945644024309E+02
      0.2942355889724311E+01     -0.4567617612179410E+02     -0.3334515678830470E+02     -0.1519582827660810E+02
      0.2962406015037594E+01     -0.4572556001598679E+02     -0.3352440212281600E+02     -0.1551903907193153E+02
      0.2982456140350877E+01     -0.4577411278279277E+02     -0.3370094239414320E+02     -0.1583906939096435E+02
      0.3002506265664160E+01     -0.4582185268019250E+02     -0.3387482648796584E+02     -0.1615590443228680E+02
      0.3022556390977444E+01     -0.4586879747749440E+02     -0.3404610239471351E+02     -0.1646953365320366E+02
      0.3042606516290727E+01     -0.4591496447049769E+02     -0.3421481721900670E+02     -0.1677995042333008E+02
      0.3062656641604010E+01     -0.4596037049620815E+02     -0.3438101718960547E+02     -0.1708715170470202E+02
      0.3082706766917293E+01     -0.4600503194696715E+02     -0.3454474766998192E+02     -0.1739113775611546E+02
      0.3102756892230576E+01     -0.4604896478417066E+02     -0.3470605316930649E+02     -0.1769191185975458E+02
      0.3122807017543860E+01     -0.4609218455146050E+02     -0.3486497735381609E+02     -0.1798948006845977E+02
      0.3142857142857143E+01     -0.4613470638746925E+02     -0.3502156305853524E+02     -0.1828385097171225E+02
      0.3162907268170426E+01     -0.4617654503814300E+02     -0.3517585229929647E+02     -0.1857503547919125E+02
      0.3182957393483709E+01     -0.4621771486861175E+02     -0.3532788628496556E+02     -0.1886304662025861E+02
      0.3203007518796992E+01     -0.4625822987470190E+02     -0.3547770542986025E+02     -0.1914789935835117E+02
      0.3223057644110276E+01     -0.4629810369401745E+02     -0.3562534936635635E+02     -0.1942961041897897E+02
      0.3243107769423559E+01     -0.4633734961666028E+02     -0.3577085695758216E+02     -0.1970819813042628E+02
      0.3263157894736842E+01     -0.4637598059558381E+02     -0.3591426631015919E+02     -0.1998368227605568E+02
      0.3283208020050125E+01     -0.4641400925661037E+02     -0.3605561478708462E+02     -0.2025608395752631E+02
      0.3303258145363408E+01     -0.4645144790807302E+02     -0.3619493902052236E+02     -0.2052542546792731E+02
      0.3323308270676692E+01     -0.4648830855021083E+02     -0.3633227492473159E+02     -0.2079173017422860E+02
      0.3343358395989975E+01     -0.4652460288416722E+02     -0.3646765770878991E+02     -0.2105502240829779E+02
      0.3363408521303258E+01     -0.4656034232074911E+02     -0.3660112188948015E+02     -0.2131532736590552E+02
      0.3383458646616541E+01     -0.4659553798883415E+02     -0.3673270130393679E+02     -0.2157267101304586E+02
      0.3403508771929824E+01     -0.4663020074361567E+02     -0.3686242912233113E+02     -0.2182707999925080E+02
      0.3423558897243108E+01     -0.4666434117440292E+02     -0.3699033786039325E+02     -0.2207858157703726E+02
      0.3443609022556391E+01     -0.4669796961233103E+02     -0.3711645939185875E+02     -0.2232720352750202E+02
      0.3463659147869674E+01     -0.4673109613776428E+02     -0.3724082496082649E+02     -0.2257297409125107E+02
      0.3483709273182957E+01     -0.4676373058736111E+02     -0.3736346519388773E+02     -0.2281592190441037E+02
      0.3503759398496241E+01     -0.4679588256111089E+02     -0.3748441011228212E+02     -0.2305607593952242E+02
      0.3523809523809524E+01     -0.4682756142890908E+02     -0.3760368914370160E+02     -0.2329346545066672E+02
      0.3543859649122807E+01     -0.4685877633712742E+02     -0.3772133113414921E+02     -0.2352811992280897E+02
      0.3563909774436090E+01     -0.4688953621486146E+02     -0.3783736435948529E+02     -0.2376006902487796E+02
      0.3583959899749373E+01     -0.4691984977995246E+02     -0.3795181653687768E+02     -0.2398934256643536E+02
      0.3604010025062657E+01     -0.4694972554496988E+02     -0.3806471483610218E+02     -0.2421597045764488E+02
      0.3624060150375940E+01     -0.4697917182278049E+02     -0.3817608589060873E+02     -0.2443998267224920E+02
      0.3644110275689223E+01     -0.4700819673217654E+02     -0.3828595580847958E+02     -0.2466140921350248E+02
      0.3664160401002506E+01     -0.4703680820312435E+02     -0.3839435018314524E+02     -0.2488028008268464E+02
      0.3684210526315789E+01     -0.4706501398196110E+02     -0.3850129410399861E+02     -0.2509662525011410E+02
      0.3704260651629073E+01     -0.4709282163645420E+02     -0.3860681216674944E+02     -0.2531047462851432E+02
      0.3724310776942356E+01     -0.4712023856059428E+02     -0.3871092848366632E+02     -0.2552185804846615E+02
      0.3744360902255639E+01     -0.4714727197931255E+02     -0.3881366669359551E+02     -0.2573080523589706E+02
      0.3764411027568922E+01     -0.4717392895303973E+02     -0.3891504997178474E+02     -0.2593734579140426E+02
      0.3784461152882205E+01     -0.4720021638214298E+02     -0.3901510103960464E+02     -0.2614150917140449E+02
      0.3804511278195489E+01     -0.4722614101116702E+02     -0.3911384217396822E+02     -0.2634332467073631E+02
      0.3824561403508772E+01     -0.4725170943304641E+02     -0.3921129521672655E+02     -0.2654282140698515E+02
      0.3844611528822055E+01     -0.4727692809304187E+02     -0.3930748158370501E+02     -0.2674002830600197E+02
      0.3864661654135338E+01     -0.4730180329273659E+02     -0.3940242227371730E+02     -0.2693497408888617E+02
      0.3884711779448621E+01     -0.4732634119374337E+02     -0.3949613787729855E+02     -0.2712768726008661E+02
      0.3904761904761905E+01     -0.4735054782142516E+02     -0.3958864858536001E+02     -0.2731819609670573E+02
      0.3924812030075188E+01     -0.4737442906841380E+02     -0.3967997419754266E+02     -0.2750652863879827E+02
      0.3944862155388471E+01     -0.4739799069811705E+02     -0.3977013413054865E+02     -0.2769271268072685E+02
      0.3964912280701754E+01     -0.4742123834799591E+02     -0.3985914742617268E+02     -0.2787677576334629E+02
      0.3984962406015037E+01     -0.4744417753288927E+02     -0.3994703275927132E+02     -0.2805874516711490E+02
      0.4005012531328321E+01     -0.4746681364810288E+02     -0.4003380844547362E+02     -0.2823864790593957E+02
      0.4025062656641603E+01     -0.4748915197253831E+02     -0.4011949244880135E+02     -0.2841651072182461E+02
      0.4045112781954886E+01     -0.4751119767159311E+02     -0.4020410238912918E+02     -0.2859236008011499E+02
      0.4065162907268169E+01     -0.4753295580009574E+02     -0.4028765554941496E+02     -0.2876622216546735E+02
      0.4085213032581452E+01     -0.4755443130509670E+02     -0.4037016888285444E+02     -0.2893812287834249E+02
      0.4105263157894735E+01     -0.4757562902856390E+02     -0.4045165901984878E+02     -0.2910808783209376E+02
      0.4125313283208017E+01     -0.4759655371004830E+02     -0.4053214227483378E+02     -0.2927614235053956E+02
      0.4145363408521300E+01     -0.4761720998924772E+02     -0.4061163465293163E+02     -0.2944231146602884E+02
      0.4165413533834583E+01     -0.4763760240845785E+02     -0.4069015185651161E+02     -0.2960661991789031E+02
      0.4185463659147866E+01     -0.4765773541507227E+02     -0.4076770929157515E+02     -0.2976909215142295E+02
      0.4205513784461148E+01     -0.4767761336383662E+02     -0.4084432207398111E+02     -0.2992975231703192E+02
      0.4225563909774431E+01     -0.4769724051919765E+02     -0.4092000503561006E+02     -0.3008862426998879E+02
      0.4245614035087714E+01     -0.4771662105749873E+02     -0.4099477273028215E+02     -0.3024573157029265E+02
      0.4265664160400997E+01     -0.4773575906913941E+02     -0.4106863943967062E+02     -0.3040109748294375E+02
      0.4285714285714279E+01     -0.4775465856067053E+02     -0.4114161917897449E+02     -0.3055474497842367E+02
      0.4305764411027562E+01     -0.4777332345682625E+02     -0.4121372570253573E+02     -0.3070669673353071E+02
      0.4325814536340845E+01     -0.4779175760250370E+02     -0.4128497250930846E+02     -0.3085697513230578E+02
      0.4345864661654128E+01     -0.4780996476470138E+02     -0.4135537284820567E+02     -0.3100560226729777E+02
      0.4365914786967410E+01     -0.4782794863436520E+02     -0.4142493972334321E+02     -0.3115259994095599E+02
      0.4385964912280693E+01     -0.4784571282824776E+02     -0.4149368589913610E+02     -0.3129798966723971E+02
      0.4406015037593976E+01     -0.4786326089062099E+02     -0.4156162390532410E+02     -0.3144179267334742E+02
      0.4426065162907259E+01     -0.4788059629505280E+02     -0.4162876604182620E+02     -0.3158402990163611E+02
      0.4446115288220541E+01     -0.4789772244603878E+02     -0.4169512438356998E+02     -0.3172472201167618E+02
      0.4466165413533824E+01     -0.4791464268066877E+02     -0.4176071078514011E+02     -0.3186388938242899E+02
      0.4486215538847107E+01     -0.4793136027016438E+02     -0.4182553688534621E+02     -0.3200155211448619E+02
      0.4506265664160390E+01     -0.4794787842147328E+02     -0.4188961411171195E+02     -0.3213773003250700E+02
      0.4526315789473673E+01     -0.4796420027871722E+02     -0.4195295368482265E+02     -0.3227244268765275E+02
      0.4546365914786955E+01     -0.4798032892468802E+02     -0.4201556662262197E+02     -0.3240570936017934E+02
      0.4566416040100238E+01     -0.4799626738225229E+02     -0.4207746374456706E+02     -0.3253754906205290E+02
      0.4586466165413521E+01     -0.4801201861573877E+02     -0.4213865567572502E+02     -0.3266798053965111E+02
      0.4606516290726804E+01     -0.4802758553227116E+02     -0.4219915285076949E+02     -0.3279702227652062E+02
      0.4626566416040086E+01     -0.4804297098311120E+02     -0.4225896551788109E+02     -0.3292469249619861E+02
      0.4646616541353369E+01     -0.4805817776490110E+02     -0.4231810374255063E+02     -0.3305100916504249E+02
      0.4666666666666652E+01     -0.4807320862089384E+02     -0.4237657741134188E+02     -0.3317598999512371E+02
      0.4686716791979935E+01     -0.4808806624220696E+02     -0.4243439623548770E+02     -0.3329965244717428E+02
      0.4706766917293217E+01     -0.4810275326898369E+02     -0.4249156975453506E+02     -0.3342201373351358E+02
      0.4726817042606500E+01     -0.4811727229151776E+02     -0.4254810733976076E+02     -0.3354309082101028E+02
      0.4746867167919783E+01     -0.4813162585139367E+02     -0.4260401819761277E+02     -0.3366290043410244E+02
      0.4766917293233066E+01     -0.4814581644257100E+02     -0.4265931137306288E+02     -0.3378145905776417E+02
      0.4786967418546348E+01     -0.4815984651242319E+02     -0.4271399575282293E+02     -0.3389878294054247E+02
      0.4807017543859631E+01     -0.4817371846281524E+02     -0.4276808006856381E+02     -0.3401488809754144E+02
      0.4827067669172914E+01     -0.4818743465107362E+02     -0.4282157290003848E+02     -0.3412979031348157E+02
      0.4847117794486197E+01     -0.4820099739098679E+02     -0.4287448267813072E+02     -0.3424350514568665E+02
      0.4867167919799479E+01     -0.4821440895371745E+02     -0.4292681768777818E+02     -0.3435604792707117E+02
      0.4887218045112762E+01     -0.4822767156881451E+02     -0.4297858607097265E+02     -0.3446743376919890E+02
      0.4907268170426045E+01     -0.4824078742504923E+02     -0.4302979582957479E+02     -0.3457767756523438E+02
      0.4927318295739328E+01     -0.4825375867133614E+02     -0.4308045482807012E+02     -0.3468679399295044E+02
      0.4947368421052611E+01     -0.4826658741757995E+02     -0.4313057079634670E+02     -0.3479479751766388E+02
      0.4967418546365893E+01     -0.4827927573554124E+02     -0.4318015133234376E+02     -0.3490170239523130E+02
      0.4987468671679176E+01     -0.4829182565962333E+02     -0.4322920390464365E+02     -0.3500752267494934E+02
      0.5007518796992459E+01     -0.4830423918770363E+02     -0.4327773585503605E+02     -0.3511227220247521E+02
      0.5027568922305742E+01     -0.4831651828187059E+02     -0.4332575440101382E+02     -0.3521596462272943E+02
      0.5047619047619024E+01     -0.4832866486925757E+02     -0.4337326663821206E+02     -0.3531861338276912E+02
      0.5067669172932307E+01     -0.4834068084272107E+02     -0.4342027954280639E+02     -0.3542023173461710E+02
      0.5087719298245590E+01     -0.4835256806157354E+02     -0.4346679997379380E+02     -0.3552083273811430E+02
      0.5107769423558873E+01     -0.4836432835232274E+02     -0.4351283467537186E+02     -0.3562042926368719E+02
      0.5127819548872155E+01     -0.4837596350932641E+02     -0.4355839027907589E+02     -0.3571903399513510E+02
      0.5147869674185438E+01     -0.4838747529549854E+02     -0.4360347330602941E+02     -0.3581665943238487E+02
      0.5167919799498721E+01     -0.4839886544293382E+02     -0.4364809016906535E+02     -0.3591331789418904E+02
      0.5187969924812004E+01     -0.4841013565355412E+02     -0.4369224717479879E+02     -0.3600902152081721E+02
      0.5208020050125286E+01     -0.4842128759975246E+02     -0.4373595052568532E+02     -0.3610378227671296E+02
      0.5228070175438569E+01     -0.4843232292498576E+02     -0.4377920632205078E+02     -0.3619761195312602E+02
      0.5248120300751852E+01     -0.4844324324437904E+02     -0.4382202056399125E+02     -0.3629052217071224E+02
      0.5268170426065135E+01     -0.4845405014530289E+02     -0.4386439915336049E+02     -0.3638252438210218E+02
      0.5288220551378418E+01     -0.4846474518793766E+02     -0.4390634789559492E+02     -0.3647362987442146E+02
      0.5308270676691700E+01     -0.4847532990584107E+02     -0.4394787250155888E+02     -0.3656384977181492E+02
      0.5328320802004983E+01     -0.4848580580647784E+02     -0.4398897858937435E+02     -0.3665319503792774E+02
      0.5348370927318266E+01     -0.4849617437174252E+02     -0.4402967168612246E+02     -0.3674167647830497E+02
      0.5368421052631549E+01     -0.4850643705848131E+02     -0.4406995722960497E+02     -0.3682930474284404E+02
      0.5388471177944831E+01     -0.4851659529902258E+02     -0.4410984057003226E+02     -0.3691609032818244E+02
      0.5408521303258114E+01     -0.4852665050162129E+02     -0.4414932697164703E+02     -0.3700204358000367E+02
      0.5428571428571397E+01     -0.4853660405096500E+02     -0.4418842161434935E+02     -0.3708717469537566E+02
      0.5448621553884680E+01     -0.4854645730865590E+02     -0.4422712959528347E+02     -0.3717149372505133E+02
      0.5468671679197962E+01     -0.4855621161365105E+02     -0.4426545593036615E+02     -0.3725501057568419E+02
      0.5488721804511245E+01     -0.4856586828270109E+02     -0.4430340555581277E+02     -0.3733773501208215E+02
      0.5508771929824528E+01     -0.4857542861082685E+02     -0.4434098332963031E+02     -0.3741967665939281E+02
      0.5528822055137811E+01     -0.4858489387170110E+02     -0.4437819403302718E+02     -0.3750084500523456E+02
      0.5548872180451093E+01     -0.4859426531810010E+02     -0.4441504237189116E+02     -0.3758124940186256E+02
      0.5568922305764376E+01     -0.4860354418230572E+02     -0.4445153297812025E+02     -0.3766089906824030E+02
      0.5588972431077659E+01     -0.4861273167649797E+02     -0.4448767041104044E+02     -0.3773980309212237E+02
      0.5609022556390942E+01     -0.4862182899313605E+02     -0.4452345915869009E+02     -0.3781797043206769E+02
      0.5629072681704224E+01     -0.4863083730536436E+02     -0.4455890363916149E+02     -0.3789540991946456E+02
      0.5649122807017507E+01     -0.4863975776737715E+02     -0.4459400820185606E+02     -0.3797213026050134E+02
      0.5669172932330790E+01     -0.4864859151477378E+02     -0.4462877712874278E+02     -0.3804814003812109E+02
      0.5689223057644073E+01     -0.4865733966491833E+02     -0.4466321463560320E+02     -0.3812344771391088E+02
      0.5709273182957356E+01     -0.4866600331729911E+02     -0.4469732487319322E+02     -0.3819806163000280E+02
      0.5729323308270638E+01     -0.4867458355385632E+02     -0.4473111192845239E+02     -0.3827199001096151E+02
      0.5749373433583921E+01     -0.4868308143932700E+02     -0.4476457982564970E+02     -0.3834524096555962E+02
      0.5769423558897204E+01     -0.4869149802157015E+02     -0.4479773252750309E+02     -0.3841782248862965E+02
      0.5789473684210487E+01     -0.4869983433185660E+02     -0.4483057393627259E+02     -0.3848974246277945E+02
      0.5809523809523769E+01     -0.4870809138524261E+02     -0.4486310789489533E+02     -0.3856100866022235E+02
      0.5829573934837052E+01     -0.4871627018081769E+02     -0.4489533818799015E+02     -0.3863162874441615E+02
      0.5849624060150335E+01     -0.4872437170202026E+02     -0.4492726854290137E+02     -0.3870161027177378E+02
      0.5869674185463618E+01     -0.4873239691694143E+02     -0.4495890263075670E+02     -0.3877096069336371E+02
      0.5889724310776900E+01     -0.4874034677861172E+02     -0.4499024406744241E+02     -0.3883968735651955E+02
      0.5909774436090183E+01     -0.4874822222525253E+02     -0.4502129641456625E+02     -0.3890779750644182E+02
      0.5929824561403466E+01     -0.4875602418057951E+02     -0.4505206318042821E+02     -0.3897529828781185E+02
      0.5949874686716749E+01     -0.4876375355405955E+02     -0.4508254782096731E+02     -0.3904219674633286E+02
      0.5969924812030031E+01     -0.4877141124117352E+02     -0.4511275374067385E+02     -0.3910849983027308E+02
      0.5989974937343314E+01     -0.4877899812367587E+02     -0.4514268429348555E+02     -0.3917421439199047E+02
      0.6010025062656597E+01     -0.4878651506984032E+02     -0.4517234278367585E+02     -0.3923934718939380E+02
      0.6030075187969880E+01     -0.4879396293469192E+02     -0.4520173246672407E+02     -0.3930390488741504E+02
      0.6050125313283162E+01     -0.4880134256029301E+02     -0.4523085655016168E+02     -0.3936789405947415E+02
      0.6070175438596445E+01     -0.4880865477592832E+02     -0.4525971819439425E+02     -0.3943132118886004E+02
      0.6090225563909728E+01     -0.4881590039835691E+02     -0.4528832051352492E+02     -0.3949419267013482E+02
      0.6110275689223011E+01     -0.4882308023204880E+02     -0.4531666657616933E+02     -0.3955651481052673E+02
      0.6130325814536294E+01     -0.4883019506937790E+02     -0.4534475940620138E+02     -0.3961829383124446E+02
      0.6150375939849576E+01     -0.4883724569086963E+02     -0.4537260198355659E+02     -0.3967953586882495E+02
      0.6170426065162859E+01     -0.4884423286538455E+02     -0.4540019724497269E+02     -0.3974024697643480E+02
      0.6190476190476142E+01     -0.4885115735035295E+02     -0.4542754808471620E+02     -0.3980043312515839E+02
      0.6210526315789425E+01     -0.4885801989194986E+02     -0.4545465735532525E+02     -0.3986010020523528E+02
      0.6230576441102707E+01     -0.4886482122532379E+02     -0.4548152786832049E+02     -0.3991925402734422E+02
      0.6250626566415990E+01     -0.4887156207475668E+02     -0.4550816239487109E+02     -0.3997790032378364E+02
      0.6270676691729273E+01     -0.4887824315390298E+02     -0.4553456366652241E+02     -0.4003604474971151E+02
      0.6290726817042556E+01     -0.4888486516590517E+02     -0.4556073437581721E+02     -0.4009369288428869E+02
      0.6310776942355838E+01     -0.4889142880367363E+02     -0.4558667717699795E+02     -0.4015085023186818E+02
      0.6330827067669121E+01     -0.4889793474996017E+02     -0.4561239468660844E+02     -0.4020752222313445E+02
      0.6350877192982404E+01     -0.4890438367761961E+02     -0.4563788948416411E+02     -0.4026371421621960E+02
      0.6370927318295687E+01     -0.4891077624974395E+02     -0.4566316411273966E+02     -0.4031943149781100E+02
      0.6390977443608969E+01     -0.4891711311982802E+02     -0.4568822107960948E+02     -0.4037467928426305E+02
      0.6411027568922252E+01     -0.4892339493194547E+02     -0.4571306285679731E+02     -0.4042946272261261E+02
      0.6431077694235535E+01     -0.4892962232090163E+02     -0.4573769188169612E+02     -0.4048378689168876E+02
      0.6451127819548818E+01     -0.4893579591242413E+02     -0.4576211055765513E+02     -0.4053765680313518E+02
      0.6471177944862101E+01     -0.4894191632326690E+02     -0.4578632125448681E+02     -0.4059107740239763E+02
      0.6491228070175383E+01     -0.4894798416139312E+02     -0.4581032630907176E+02     -0.4064405356974633E+02
      0.6511278195488666E+01     -0.4895400002614619E+02     -0.4583412802587625E+02     -0.4069659012128007E+02
      0.6531328320801949E+01     -0.4895996450833480E+02     -0.4585772867749547E+02     -0.4074869180986510E+02
      0.6551378446115232E+01     -0.4896587819043550E+02     -0.4588113050515197E+02     -0.4080036332609010E+02
      0.6571428571428514E+01     -0.4897174164671760E+02     -0.4590433571923458E+02     -0.4085160929923017E+02
      0.6591478696741797E+01     -0.4897755544336179E+02     -0.4592734649978438E+02     -0.4090243429813345E+02
      0.6611528822055080E+01     -0.4898332013861457E+02     -0.4595016499698904E+02     -0.4095284283215612E+02
      0.6631578947368363E+01     -0.4898903628291144E+02     -0.4597279333167314E+02     -0.4100283935204168E+02
      0.6651629072681645E+01     -0.4899470441902150E+02     -0.4599523359576742E+02     -0.4105242825078805E+02
      0.6671679197994928E+01     -0.4900032508216268E+02     -0.4601748785277828E+02     -0.4110161386454568E+02
      0.6691729323308211E+01     -0.4900589880011512E+02     -0.4603955813822341E+02     -0.4115040047341123E+02
      0.6711779448621494E+01     -0.4901142609338914E+02     -0.4606144646014104E+02     -0.4119879230233237E+02
      0.6731829573934776E+01     -0.4901690747529457E+02     -0.4608315479944623E+02     -0.4124679352185505E+02
      0.6751879699248059E+01     -0.4902234345208201E+02     -0.4610468511041713E+02     -0.4129440824897862E+02
      0.6771929824561342E+01     -0.4902773452304242E+02     -0.4612603932110879E+02     -0.4134164054792979E+02
      0.6791979949874625E+01     -0.4903308118066776E+02     -0.4614721933377734E+02     -0.4138849443096698E+02
      0.6812030075187907E+01     -0.4903838391071393E+02     -0.4616822702527585E+02     -0.4143497385912740E+02
      0.6832080200501190E+01     -0.4904364319232779E+02     -0.4618906424745968E+02     -0.4148108274298538E+02
      0.6852130325814473E+01     -0.4904885949813857E+02     -0.4620973282756353E+02     -0.4152682494339266E+02
      0.6872180451127756E+01     -0.4905403329440718E+02     -0.4623023456864104E+02     -0.4157220427224229E+02
      0.6892230576441039E+01     -0.4905916504106958E+02     -0.4625057124988475E+02     -0.4161722449312751E+02
      0.6912280701754321E+01     -0.4906425519189090E+02     -0.4627074462702094E+02     -0.4166188932211659E+02
      0.6932330827067604E+01     -0.4906930419454235E+02     -0.4629075643271699E+02     -0.4170620242841300E+02
      0.6952380952380887E+01     -0.4907431249067763E+02     -0.4631060837686028E+02     -0.4175016743502381E+02
      0.6972431077694170E+01     -0.4907928051608805E+02     -0.4633030214698908E+02     -0.4179378791948081E+02
      0.6992481203007452E+01     -0.4908420870071971E+02     -0.4634983940857865E+02     -0.4183706741446040E+02
      0.7012531328320735E+01     -0.4908909746882659E+02     -0.4636922180542762E+02     -0.4188000940845802E+02
      0.7032581453634018E+01     -0.4909394723904030E+02     -0.4638845095998361E+02     -0.4192261734643905E+02
      0.7052631578947301E+01     -0.4909875842446026E+02     -0.4640752847364408E+02     -0.4196489463043859E+02
      0.7072681704260583E+01     -0.4910353143273586E+02     -0.4642645592711786E+02     -0.4200684462021366E+02
      0.7092731829573866E+01     -0.4910826666615036E+02     -0.4644523488071170E+02     -0.4204847063382532E+02
      0.7112781954887149E+01     -0.4911296452172274E+02     -0.4646386687466448E+02     -0.4208977594828234E+02
      0.7132832080200432E+01     -0.4911762539126995E+02     -0.4648235342943170E+02     -0.4213076380007099E+02
      0.7152882205513714E+01     -0.4912224966149930E+02     -0.4650069604601952E+02     -0.4217143738580911E+02
      0.7172932330826997E+01     -0.4912683771408843E+02     -0.4651889620624083E+02     -0.4221179986276045E+02
      0.7192982456140280E+01     -0.4913138992575669E+02     -0.4653695537303512E+02     -0.4225185434942309E+02
      0.7213032581453563E+01     -0.4913590666834203E+02     -0.4655487499073462E+02     -0.4229160392607801E+02
      0.7233082706766846E+01     -0.4914038830890205E+02     -0.4657265648537834E+02     -0.4233105163536039E+02
      0.7253132832080128E+01     -0.4914483520973509E+02     -0.4659030126492813E+02     -0.4237020048273695E+02
      0.7273182957393411E+01     -0.4914924772849783E+02     -0.4660781071959427E+02     -0.4240905343710179E+02
      0.7293233082706694E+01     -0.4915362621827435E+02     -0.4662518622209164E+02     -0.4244761343125337E+02
      0.7313283208019977E+01     -0.4915797102761842E+02     -0.4664242912786982E+02     -0.4248588336241442E+02
      0.7333333333333259E+01     -0.4916228250064647E+02     -0.4665954077541479E+02     -0.4252386609275302E+02
      0.7353383458646542E+01     -0.4916656097710069E+02     -0.4667652248645769E+02     -0.4256156444984710E+02
      0.7373433583959825E+01     -0.4917080679240430E+02     -0.4669337556625694E+02     -0.4259898122720030E+02
      0.7393483709273108E+01     -0.4917502027774650E+02     -0.4671010130383196E+02     -0.4263611918471242E+02
      0.7413533834586390E+01     -0.4917920176012577E+02     -0.4672670097219562E+02     -0.4267298104914792E+02
      0.7433583959899673E+01     -0.4918335156243386E+02     -0.4674317582859983E+02     -0.4270956951460386E+02
      0.7453634085212956E+01     -0.4918747000348776E+02     -0.4675952711475637E+02     -0.4274588724295509E+02
      0.7473684210526239E+01     -0.4919155739813328E+02     -0.4677575605708647E+02     -0.4278193686434064E+02
      0.7493734335839521E+01     -0.4919561405726385E+02     -0.4679186386691122E+02     -0.4281772097755497E+02
      0.7513784461152804E+01     -0.4919964028789820E+02     -0.4680785174070270E+02     -0.4285324215053070E+02
      0.7533834586466087E+01     -0.4920363639324479E+02     -0.4682372086028507E+02     -0.4288850292074465E+02
      0.7553884711779370E+01     -0.4920760267275346E+02     -0.4683947239305535E+02     -0.4292350579564349E+02
      0.7573934837092652E+01     -0.4921153942214578E+02     -0.4685510749217929E+02     -0.4295825325305358E+02
      0.7593984962405935E+01     -0.4921544693350813E+02     -0.4687062729681207E+02     -0.4299274774160171E+02
      0.7614035087719218E+01     -0.4921932549533906E+02     -0.4688603293230298E+02     -0.4302699168113072E+02
      0.7634085213032501E+01     -0.4922317539256747E+02     -0.4690132551036875E+02     -0.4306098746305654E+02
      0.7654135338345784E+01     -0.4922699690665499E+02     -0.4691650612932274E+02     -0.4309473745079259E+02
      0.7674185463659066E+01     -0.4923079031560705E+02     -0.4693157587425263E+02     -0.4312824398012807E+02
      0.7694235588972349E+01     -0.4923455589403354E+02     -0.4694653581718520E+02     -0.4316150935958792E+02
      0.7714285714285632E+01     -0.4923829391322293E+02     -0.4696138701732918E+02     -0.4319453587084179E+02
      0.7734335839598915E+01     -0.4924200464115661E+02     -0.4697613052120942E+02     -0.4322732576903856E+02
      0.7754385964912197E+01     -0.4924568834256470E+02     -0.4699076736285291E+02     -0.4325988128316340E+02
      0.7774436090225480E+01     -0.4924934527899813E+02     -0.4700529856399493E+02     -0.4329220461643754E+02
      0.7794486215538763E+01     -0.4925297570883409E+02     -0.4701972513422086E+02     -0.4332429794660958E+02
      0.7814536340852046E+01     -0.4925657988736733E+02     -0.4703404807116353E+02     -0.4335616342636622E+02
      0.7834586466165328E+01     -0.4926015806681033E+02     -0.4704826836065070E+02     -0.4338780318360517E+02
      0.7854636591478611E+01     -0.4926371049636632E+02     -0.4706238697687928E+02     -0.4341921932181219E+02
      0.7874686716791894E+01     -0.4926723742226265E+02     -0.4707640488258409E+02     -0.4345041392037241E+02
      0.7894736842105177E+01     -0.4927073908778945E+02     -0.4709032302918393E+02     -0.4348138903490569E+02
      0.7914786967418459E+01     -0.4927421573335835E+02     -0.4710414235696417E+02     -0.4351214669758645E+02
      0.7934837092731742E+01     -0.4927766759651330E+02     -0.4711786379519448E+02     -0.4354268891743694E+02
      0.7954887218045025E+01     -0.4928109491200749E+02     -0.4713148826232732E+02     -0.4357301768067211E+02
      0.7974937343358308E+01     -0.4928449791181577E+02     -0.4714501666611378E+02     -0.4360313495096423E+02
      0.7994987468671590E+01     -0.4928787682517977E+02     -0.4715844990376065E+02     -0.4363304266977854E+02
      0.8015037593984873E+01     -0.4929123187865392E+02     -0.4717178886208339E+02     -0.4366274275664973E+02
      0.8035087719298156E+01     -0.4929456329613633E+02     -0.4718503441765011E+02     -0.4369223710947733E+02
      0.8055137844611439E+01     -0.4929787129890954E+02     -0.4719818743689503E+02     -0.4372152760480128E+02
      0.8075187969924722E+01     -0.4930115610566978E+02     -0.4721124877630074E+02     -0.4375061609811495E+02
      0.8095238095238004E+01     -0.4930441793258304E+02     -0.4722421928250770E+02     -0.4377950442411863E+02
      0.8115288220551287E+01     -0.4930765699328978E+02     -0.4723709979245113E+02     -0.4380819439699336E+02
      0.8135338345864570E+01     -0.4931087349896378E+02     -0.4724989113349314E+02     -0.4383668781068142E+02
      0.8155388471177853E+01     -0.4931406765834125E+02     -0.4726259412356759E+02     -0.4386498643914160E+02
      0.8175438596491135E+01     -0.4931723967774493E+02     -0.4727520957128501E+02     -0.4389309203662940E+02
      0.8195488721804418E+01     -0.4932038976113252E+02     -0.4728773827607873E+02     -0.4392100633793129E+02
      0.8215538847117701E+01     -0.4932351811011429E+02     -0.4730018102831791E+02     -0.4394873105863812E+02
      0.8235588972430984E+01     -0.4932662492399896E+02     -0.4731253860942906E+02     -0.4397626789538518E+02
      0.8255639097744266E+01     -0.4932971039980513E+02     -0.4732481179201952E+02     -0.4400361852609501E+02
      0.8275689223057549E+01     -0.4933277473232895E+02     -0.4733700134001818E+02     -0.4403078461024504E+02
      0.8295739348370832E+01     -0.4933581811412209E+02     -0.4734910800873397E+02     -0.4405776778906839E+02
      0.8315789473684115E+01     -0.4933884073556988E+02     -0.4736113254503352E+02     -0.4408456968582450E+02
      0.8335839598997397E+01     -0.4934184278491292E+02     -0.4737307568742801E+02     -0.4411119190601539E+02
      0.8355889724310680E+01     -0.4934482444823227E+02     -0.4738493816616460E+02     -0.4413763603760853E+02
      0.8375939849623963E+01     -0.4934778590954969E+02     -0.4739672070338583E+02     -0.4416390365129154E+02
      0.8395989974937246E+01     -0.4935072735078799E+02     -0.4740842401317455E+02     -0.4418999630064339E+02
      0.8416040100250529E+01     -0.4935364895183647E+02     -0.4742004880171211E+02     -0.4421591552240468E+02
      0.8436090225563811E+01     -0.4935655089058874E+02     -0.4743159576736912E+02     -0.4424166283667888E+02
      0.8456140350877094E+01     -0.4935943334291699E+02     -0.4744306560077521E+02     -0.4426723974710265E+02
      0.8476190476190377E+01     -0.4936229648276957E+02     -0.4745445898499560E+02     -0.4429264774114627E+02
      0.8496240601503660E+01     -0.4936514048213405E+02     -0.4746577659553915E+02     -0.4431788829021630E+02
      0.8516290726816942E+01     -0.4936796551109902E+02     -0.4747701910052044E+02     -0.4434296284992902E+02
      0.8536340852130225E+01     -0.4937077173787804E+02     -0.4748818716074740E+02     -0.4436787286030525E+02
      0.8556390977443508E+01     -0.4937355932880900E+02     -0.4749928142978692E+02     -0.4439261974591697E+02
      0.8576441102756791E+01     -0.4937632844840493E+02     -0.4751030255408515E+02     -0.4441720491613787E+02
      0.8596491228070073E+01     -0.4937907925937028E+02     -0.4752125117307225E+02     -0.4444162976533420E+02
      0.8616541353383356E+01     -0.4938181192262652E+02     -0.4753212791920687E+02     -0.4446589567299554E+02
      0.8636591478696639E+01     -0.4938452659732339E+02     -0.4754293341811699E+02     -0.4449000400399709E+02
      0.8656641604009922E+01     -0.4938722344088440E+02     -0.4755366828865768E+02     -0.4451395610872650E+02
      0.8676691729323204E+01     -0.4938990260900035E+02     -0.4756433314300239E+02     -0.4453775332329040E+02
      0.8696741854636487E+01     -0.4939256425568328E+02     -0.4757492858673807E+02     -0.4456139696969431E+02
      0.8716791979949770E+01     -0.4939520853327038E+02     -0.4758545521895029E+02     -0.4458488835601245E+02
      0.8736842105263053E+01     -0.4939783559242952E+02     -0.4759591363228274E+02     -0.4460822877654831E+02
      0.8756892230576335E+01     -0.4940044558222533E+02     -0.4760630441305458E+02     -0.4463141951203180E+02
      0.8776942355889618E+01     -0.4940303865010702E+02     -0.4761662814132360E+02     -0.4465446182978278E+02
      0.8796992481202901E+01     -0.4940561494192779E+02     -0.4762688539095789E+02     -0.4467735698384774E+02
      0.8817042606516184E+01     -0.4940817460197476E+02     -0.4763707672971763E+02     -0.4470010621519786E+02
      0.8837092731829467E+01     -0.4941071777299980E+02     -0.4764720271935870E+02     -0.4472271075188274E+02
      0.8857142857142749E+01     -0.4941324459622088E+02     -0.4765726391566323E+02     -0.4474517180917149E+02
      0.8877192982456032E+01     -0.4941575521135429E+02     -0.4766726086856636E+02     -0.4476749058974676E+02
      0.8897243107769315E+01     -0.4941824975661457E+02     -0.4767719412218047E+02     -0.4478966828380959E+02
      0.8917293233082598E+01     -0.4942072836876115E+02     -0.4768706421490426E+02     -0.4481170606927429E+02
      0.8937343358395880E+01     -0.4942319118309536E+02     -0.4769687167946123E+02     -0.4483360511189090E+02
      0.8957393483709163E+01     -0.4942563833349340E+02     -0.4770661704302655E+02     -0.4485536656542619E+02
      0.8977443609022446E+01     -0.4942806995241205E+02     -0.4771630082722914E+02     -0.4487699157177367E+02
      0.8997493734335729E+01     -0.4943048617090810E+02     -0.4772592354826514E+02     -0.4489848126111217E+02
      0.9017543859649011E+01     -0.4943288711866909E+02     -0.4773548571694019E+02     -0.4491983675204688E+02
      0.9037593984962294E+01     -0.4943527292402867E+02     -0.4774498783878041E+02     -0.4494105915178584E+02
      0.9057644110275577E+01     -0.4943764371394902E+02     -0.4775443041402666E+02     -0.4496214955619762E+02
      0.9077694235588860E+01     -0.4943999961408460E+02     -0.4776381393775853E+02     -0.4498310905001251E+02
      0.9097744360902142E+01     -0.4944234074878321E+02     -0.4777313889994592E+02     -0.4500393870695923E+02
      0.9117794486215425E+01     -0.4944466724109407E+02     -0.4778240578550042E+02     -0.4502463958984820E+02
      0.9137844611528708E+01     -0.4944697921278226E+02     -0.4779161507433534E+02     -0.4504521275075607E+02
      0.9157894736841991E+01     -0.4944927678434622E+02     -0.4780076724142749E+02     -0.4506565923109994E+02
      0.9177944862155273E+01     -0.4945156007505712E+02     -0.4780986275690965E+02     -0.4508598006183136E+02
      0.9197994987468556E+01     -0.4945382920294648E+02     -0.4781890208608637E+02     -0.4510617626349768E+02
      0.9218045112781839E+01     -0.4945608428482063E+02     -0.4782788568951865E+02     -0.4512624884640972E+02
      0.9238095238095122E+01     -0.4945832543629314E+02     -0.4783681402305768E+02     -0.4514619881073207E+02
      0.9258145363408405E+01     -0.4946055277179091E+02     -0.4784568753794085E+02     -0.4516602714663057E+02
      0.9278195488721687E+01     -0.4946276640456735E+02     -0.4785450668080072E+02     -0.4518573483437422E+02
      0.9298245614034970E+01     -0.4946496644672420E+02     -0.4786327189377765E+02     -0.4520532284447102E+02
      0.9318295739348253E+01     -0.4946715300921467E+02     -0.4787198361451045E+02     -0.4522479213774631E+02
      0.9338345864661536E+01     -0.4946932620185953E+02     -0.4788064227624034E+02     -0.4524414366549065E+02
      0.9358395989974818E+01     -0.4947148613337253E+02     -0.4788924830783488E+02     -0.4526337836957700E+02
      0.9378446115288101E+01     -0.4947363291136705E+02     -0.4789780213386552E+02     -0.4528249718253306E+02
      0.9398496240601384E+01     -0.4947576664235936E+02     -0.4790630417462737E+02     -0.4530150102769335E+02
      0.9418546365914667E+01     -0.4947788743178930E+02     -0.4791475484621491E+02     -0.4532039081926589E+02
      0.9438596491227949E+01     -0.4947999538403577E+02     -0.4792315456056622E+02     -0.4533916746247597E+02
      0.9458646616541232E+01     -0.4948209060244359E+02     -0.4793150372551420E+02     -0.4535783185366018E+02
      0.9478696741854515E+01     -0.4948417318930086E+02     -0.4793980274482843E+02     -0.4537638488035756E+02
      0.9498746867167798E+01     -0.4948624324588090E+02     -0.4794805201826657E+02     -0.4539482742141732E+02
      0.9518796992481080E+01     -0.4948830087244639E+02     -0.4795625194162683E+02     -0.4541316034710835E+02
      0.9538847117794363E+01     -0.4949034616824676E+02     -0.4796440290678400E+02     -0.4543138451921513E+02
      0.9558897243107646E+01     -0.4949237923156336E+02     -0.4797250530174695E+02     -0.4544950079111653E+02
      0.9578947368420929E+01     -0.4949440015968659E+02     -0.4798055951071044E+02     -0.4546751000792290E+02
      0.9598997493734212E+01     -0.4949640904894895E+02     -0.4798856591407075E+02     -0.4548541300653852E+02
      0.9619047619047494E+01     -0.4949840599471894E+02     -0.4799652488848734E+02     -0.4550321061575418E+02
      0.9639097744360777E+01     -0.4950039109144606E+02     -0.4800443680695439E+02     -0.4552090365637009E+02
      0.9659147869674060E+01     -0.4950236443262002E+02     -0.4801230203879425E+02     -0.4553849294125941E+02
      0.9679197994987343E+01     -0.4950432611083428E+02     -0.4802012094972353E+02     -0.4555597927547111E+02
      0.9699248120300625E+01     -0.4950627621775863E+02     -0.4802789390191740E+02     -0.4557336345631877E+02
      0.9719298245613908E+01     -0.4950821484416438E+02     -0.4803562125399296E+02     -0.4559064627346176E+02
      0.9739348370927191E+01     -0.4951014207995973E+02     -0.4804330336112395E+02     -0.4560782850901320E+02
      0.9759398496240474E+01     -0.4951205801413944E+02     -0.4805094057502074E+02     -0.4562491093759333E+02
      0.9779448621553756E+01     -0.4951396273485114E+02     -0.4805853324399317E+02     -0.4564189432643552E+02
      0.9799498746867039E+01     -0.4951585632937857E+02     -0.4806608171298426E+02     -0.4565877943546265E+02
      0.9819548872180322E+01     -0.4951773888417267E+02     -0.4807358632364038E+02     -0.4567556701739336E+02
      0.9839598997493605E+01     -0.4951961048482836E+02     -0.4808104741429611E+02     -0.4569225781778302E+02
      0.9859649122806887E+01     -0.4952147121611782E+02     -0.4808846532004012E+02     -0.4570885257512730E+02
      0.9879699248120170E+01     -0.4952332116200764E+02     -0.4809584037276603E+02     -0.4572535202094835E+02
      0.9899749373433453E+01     -0.4952516040563646E+02     -0.4810317290118182E+02     -0.4574175687984872E+02
      0.9919799498746736E+01     -0.4952698902935954E+02     -0.4811046323086132E+02     -0.4575806786962144E+02
      0.9939849624060018E+01     -0.4952880711473465E+02     -0.4811771168428206E+02     -0.4577428570129555E+02
      0.9959899749373301E+01     -0.4953061474254785E+02     -0.4812491858085233E+02     -0.4579041107923695E+02
      0.9979949874686584E+01     -0.4953241199278915E+02     -0.4813208423693446E+02     -0.4580644470119662E+02
      0.9999999999999867E+01     -0.4953419894472034E+02     -0.4813920896593101E+02     -0.4582238725841326E+02
